134
150
150
150
150
150
150
150
150
150
150
150
150
128
150
150
150
150
150
150
140
150
150
150
150
150
150
150
150
150
70
150
150
150
150
147
150
150
150
150
150
50
150
150
150
150
150
129
65
125
150
126
42
77
150
55
150
66
150
150
72
16
121
41
73
105
49
33
27
21
85
29
150
34
42
67
29
27
27
103
22
37
28
17
80
22
24
54
53
33
31
23
19
101
38
18
42
27
19
29
29
24
108
15
81
73
77
33
70
31
15
90
99
29
42
19
17
71
51
15
33
25
21
23
31
18
15
24
89
11
35
41
23
57
28
40
22
14
12
32
33
10
26
8
10
24
44
27
11
42
