150
150
150
150
150
150
150
150
150
116
150
150
150
150
150
150
150
150
150
119
150
150
150
150
150
150
25
150
150
150
113
150
150
150
150
110
150
33
150
36
150
145
72
150
150
150
53
150
127
150
78
106
139
37
150
150
150
150
150
63
25
130
150
34
150
150
62
150
150
77
150
62
150
28
117
40
130
46
77
37
46
150
78
33
78
127
15
25
62
67
35
56
28
40
101
32
60
19
60
18
89
127
85
67
49
59
91
33
43
26
28
69
80
34
30
28
67
32
24
51
60
36
36
68
18
37
36
22
68
25
24
18
22
65
22
18
12
38
17
16
13
21
17
61
24
12
22
25
19
23
