150
150
150
150
150
150
150
150
150
150
106
150
150
150
150
53
150
150
150
78
150
150
150
150
150
150
150
150
150
150
150
150
37
150
150
150
150
150
150
150
150
150
150
91
150
129
150
26
28
150
150
48
150
150
150
86
150
150
150
150
150
137
150
150
150
68
150
150
81
81
150
150
120
150
150
138
142
150
150
150
150
93
150
139
150
75
73
82
42
145
150
150
150
76
150
150
108
150
139
124
122
150
150
21
101
74
150
150
50
88
55
150
150
42
49
42
36
150
87
93
101
137
150
133
17
56
38
113
33
78
101
78
120
150
91
150
58
80
87
57
150
150
71
150
72
81
70
89
17
69
