150
150
150
150
150
150
150
150
150
150
150
150
150
150
92
150
105
150
150
150
150
150
150
59
150
150
52
150
100
106
95
150
71
150
150
62
31
150
103
150
150
150
20
150
150
70
150
150
106
41
150
89
150
20
54
45
136
24
77
150
33
118
59
27
42
37
36
25
29
74
140
21
102
16
15
26
22
23
15
56
47
15
33
150
27
103
49
10
53
38
20
150
24
23
44
31
23
61
14
42
39
23
71
14
44
65
15
102
25
24
125
16
25
18
40
35
36
14
27
31
16
49
29
8
25
18
31
16
15
54
10
19
15
14
14
27
24
89
11
39
25
14
27
24
23
34
9
17
33
18
