150
150
150
150
150
150
150
150
78
150
126
150
150
150
93
150
150
150
150
150
123
150
150
150
150
150
150
150
150
129
119
150
150
150
150
23
150
40
150
150
150
150
88
32
144
42
107
13
68
47
86
112
150
150
39
150
150
60
22
150
150
17
64
94
150
28
150
81
90
71
29
38
88
85
42
45
147
150
150
21
73
78
17
42
47
150
48
35
19
17
44
46
38
71
113
33
51
16
19
16
54
32
12
24
104
17
42
52
25
34
37
44
50
72
28
33
43
46
49
30
20
13
20
15
27
30
32
55
53
49
21
38
27
35
47
30
30
42
45
24
21
55
32
14
54
11
23
20
17
27
