150
150
150
150
150
150
150
150
150
67
150
150
150
150
150
150
150
150
150
150
150
150
150
150
150
150
150
150
150
150
150
82
150
107
150
150
150
150
150
130
74
53
150
150
22
150
150
83
150
150
43
38
150
28
136
114
150
90
69
150
96
150
126
82
26
22
53
32
150
23
129
38
19
145
85
150
122
80
49
68
50
23
24
31
17
94
37
50
34
41
12
38
24
25
55
75
35
71
43
31
18
53
30
11
18
20
32
19
29
25
41
14
63
17
23
74
15
23
46
21
51
25
19
24
63
48
35
28
18
37
12
51
11
50
56
20
41
64
20
26
39
19
37
11
27
30
32
30
23
42
