150
150
150
150
150
150
150
150
150
150
150
150
150
150
150
150
150
150
150
150
150
150
150
150
150
150
150
150
150
150
150
150
150
150
150
150
150
150
150
150
150
150
150
150
55
60
150
150
150
91
77
150
150
150
104
150
150
113
150
150
150
150
133
31
23
150
100
150
45
150
150
150
150
150
72
150
150
150
150
150
150
60
106
31
14
150
150
63
149
62
22
41
70
150
124
73
32
45
50
63
38
35
134
51
27
28
147
18
40
144
118
60
25
42
43
36
57
48
50
58
22
70
27
67
25
68
49
40
26
48
68
28
26
41
22
52
91
11
23
17
43
75
66
34
35
32
13
21
29
52
