50
150
150
150
150
150
150
150
150
150
150
150
150
150
150
150
150
150
150
150
87
150
32
134
150
150
150
150
150
150
150
150
97
150
150
150
150
150
150
53
150
150
150
83
150
121
150
150
150
150
62
150
131
68
150
142
150
77
36
100
150
98
150
150
150
150
150
90
134
150
150
150
112
150
132
18
150
48
150
132
150
150
150
150
150
52
150
110
150
150
86
90
101
47
141
77
53
130
83
60
33
15
111
49
42
32
11
95
21
37
82
69
20
90
70
61
95
98
40
30
37
68
53
43
72
28
55
49
17
41
90
13
33
64
33
55
79
37
19
29
13
29
20
22
28
20
40
41
33
44
