150
150
150
150
150
150
150
150
150
150
122
99
122
150
150
65
42
150
150
150
150
150
150
91
150
150
150
133
85
150
150
150
150
55
122
99
150
108
150
150
150
131
150
87
150
150
120
49
150
75
58
150
150
150
46
108
150
130
93
95
19
150
27
84
150
138
29
111
49
75
45
87
81
53
21
39
43
58
31
15
121
76
150
44
14
62
50
25
51
50
15
67
124
80
115
14
31
18
93
54
91
31
34
27
79
127
50
16
83
29
56
31
14
57
36
22
109
44
26
24
33
46
48
9
43
25
46
63
25
43
24
38
40
34
26
55
25
14
20
31
31
39
12
43
51
14
8
13
49
41
