119
150
150
150
150
150
150
150
150
150
150
150
150
150
150
150
150
150
150
150
150
150
129
150
150
150
40
150
103
150
150
150
87
150
150
150
150
149
95
150
108
150
150
150
150
150
150
150
150
150
150
120
150
150
83
35
150
150
75
150
97
17
150
124
82
90
69
150
16
41
88
26
12
16
50
52
21
45
40
150
86
19
26
36
82
20
103
89
46
21
13
29
28
43
84
54
89
20
56
42
51
34
12
45
33
23
51
39
13
82
33
48
41
22
36
25
76
150
42
77
21
30
19
17
39
29
27
23
21
51
16
30
24
11
46
26
9
17
24
26
37
18
19
16
81
19
22
20
29
31
