150
150
150
150
150
150
150
150
150
150
56
150
150
150
150
150
150
150
150
150
150
150
150
150
150
150
150
150
150
150
150
150
150
150
146
150
29
107
116
150
150
79
150
150
102
150
72
31
150
150
150
30
143
65
99
150
65
82
150
58
150
150
69
150
127
150
88
150
62
70
94
68
37
34
114
29
150
19
55
109
49
48
29
42
54
27
33
53
24
36
91
8
66
35
72
48
35
31
41
65
15
31
36
65
74
57
15
21
37
24
32
19
39
40
27
9
26
24
40
24
17
22
49
29
14
36
43
12
16
17
31
16
34
29
27
56
29
35
16
41
12
22
16
33
44
45
41
21
19
25
