150
150
150
150
150
150
150
150
150
134
150
150
150
150
150
150
150
150
150
150
150
150
37
150
150
150
150
150
150
150
150
150
52
106
150
150
150
150
150
101
150
76
150
150
42
111
35
70
150
135
84
15
42
30
150
150
150
150
60
112
120
91
62
86
52
31
40
54
88
61
29
46
24
150
63
127
63
59
43
150
92
38
17
60
96
26
27
44
86
46
72
54
71
70
47
18
56
74
16
21
121
40
10
18
56
36
22
13
51
65
28
18
17
70
85
21
28
85
23
10
21
29
49
15
18
21
28
10
14
10
34
27
25
68
26
21
40
39
39
55
71
29
29
11
33
42
16
11
14
76
