150
150
150
150
150
150
150
150
150
125
150
150
150
150
150
84
145
150
118
150
150
150
57
150
150
150
150
150
119
126
150
68
150
40
150
107
132
150
46
63
115
150
150
111
54
93
150
150
150
150
71
150
150
150
150
150
86
150
150
57
150
63
29
37
142
150
150
22
67
150
150
150
150
150
78
47
74
150
78
150
96
79
138
150
17
150
125
80
28
87
150
15
150
19
139
32
24
26
62
26
61
88
68
26
35
62
34
33
150
48
87
150
56
60
20
73
13
33
36
105
30
25
72
15
23
72
48
81
39
37
34
59
17
42
103
32
42
56
54
49
87
150
17
35
14
52
27
31
62
47
