150
150
150
150
150
113
150
150
150
150
150
150
150
150
150
150
150
150
150
74
150
150
150
150
150
150
150
150
150
150
150
52
150
150
150
118
150
150
150
55
150
150
150
150
150
150
150
29
150
150
102
150
150
150
150
146
150
42
150
44
26
107
150
150
51
90
150
137
105
98
61
73
41
136
97
89
109
150
107
25
36
109
71
80
25
36
96
48
44
140
49
105
64
48
20
65
55
72
29
79
59
89
69
24
14
15
29
49
60
15
49
48
28
84
23
53
55
150
21
14
27
51
23
102
17
20
15
18
8
14
24
15
50
50
42
24
18
81
15
29
29
19
20
17
18
18
33
17
43
21
