150
131
150
150
150
150
140
150
150
150
150
150
150
150
150
150
150
74
150
150
150
150
150
150
150
150
150
140
150
150
150
90
150
150
150
150
150
150
150
150
150
150
150
150
86
150
150
150
113
150
139
150
150
33
150
131
107
150
150
146
150
150
40
150
142
150
75
150
150
150
43
144
150
150
150
44
150
150
150
150
150
150
58
103
26
27
47
47
50
150
81
56
61
83
75
65
32
127
44
17
92
27
47
45
55
33
76
20
66
54
65
150
13
117
33
37
71
23
34
39
30
30
50
57
47
84
46
24
28
22
14
54
15
39
12
12
44
25
26
27
41
25
8
52
17
14
10
40
13
38
