150
84
150
150
150
150
150
150
150
150
150
73
126
110
150
150
150
150
150
150
150
150
150
150
150
145
45
150
150
134
150
150
150
67
76
124
150
72
150
150
108
150
150
150
150
53
144
150
28
104
62
127
24
42
57
150
80
59
27
58
106
62
150
150
46
35
40
33
37
71
33
45
35
61
43
44
67
29
45
71
60
31
62
74
23
28
49
33
134
29
55
150
43
150
64
36
51
121
55
26
80
51
29
96
118
34
33
48
22
21
47
21
14
34
31
22
59
41
41
21
24
45
33
13
59
27
21
11
16
49
15
13
22
15
28
22
41
10
14
64
14
12
13
121
18
20
16
18
44
17
