150
150
150
150
150
150
150
150
150
150
150
150
150
62
150
131
150
150
150
139
104
150
150
150
150
150
150
25
48
150
74
150
118
150
150
35
55
150
118
54
33
47
150
95
86
150
150
87
44
150
106
57
99
45
71
150
11
43
82
150
100
53
41
34
77
72
150
84
15
102
16
150
29
80
145
36
45
22
67
76
39
67
62
150
36
150
150
57
112
69
24
37
150
120
150
31
75
62
20
20
120
63
22
61
73
46
62
137
45
28
69
56
41
28
15
19
21
14
45
21
25
28
22
96
45
29
11
13
17
29
39
49
62
20
14
43
29
62
67
31
33
48
41
17
37
35
9
24
15
24
