150
150
150
150
150
150
150
150
150
150
150
150
150
150
150
150
150
150
150
150
150
82
150
150
79
150
131
150
150
86
150
150
150
150
150
122
150
83
150
54
117
150
87
53
150
55
150
40
150
150
113
140
150
59
53
59
67
119
22
36
44
20
83
68
150
31
36
86
150
30
135
150
64
34
30
74
26
110
82
81
30
147
57
145
59
112
61
31
73
24
33
30
13
48
25
14
58
46
16
28
31
41
47
87
33
12
72
12
24
27
32
17
46
19
45
29
13
13
16
68
26
117
43
47
8
86
18
65
17
23
23
23
30
45
14
22
56
13
26
67
37
14
35
10
29
19
48
7
22
11
