150
150
150
150
150
150
150
150
150
150
150
150
150
131
150
150
150
150
150
150
150
150
150
150
150
150
150
150
150
150
150
150
150
150
150
150
150
150
139
150
150
150
150
150
60
150
150
150
150
132
52
97
150
143
38
150
150
67
150
150
114
129
29
98
150
150
150
150
150
150
60
150
150
150
99
62
150
79
42
139
150
95
50
150
91
74
150
27
89
150
150
58
93
60
150
26
71
150
24
150
97
46
74
150
125
150
29
111
29
150
72
99
58
60
102
82
46
89
74
54
72
28
56
52
42
70
33
125
29
15
26
40
42
19
11
19
40
39
75
26
30
88
26
30
19
12
14
51
21
22
