150
150
150
150
150
150
150
150
150
150
150
150
150
150
150
150
150
150
150
150
150
150
150
69
150
150
150
150
150
41
77
150
150
112
150
150
150
150
92
150
150
150
150
150
150
72
54
59
16
150
87
129
123
150
33
28
115
150
107
40
137
108
46
99
150
52
150
58
66
38
150
29
80
118
60
28
62
34
40
47
31
21
71
68
54
16
42
69
12
22
18
31
48
21
70
21
17
44
28
57
40
58
28
40
78
31
47
150
50
66
58
22
35
19
30
32
13
17
15
22
13
15
23
26
7
9
55
11
24
31
18
28
45
18
12
39
46
26
24
37
14
32
17
14
21
18
28
19
13
45
