150
150
150
150
150
150
150
150
150
150
150
150
85
150
150
55
150
150
150
150
150
150
150
92
150
150
41
150
53
150
59
150
150
71
150
150
150
150
57
56
72
35
132
119
11
150
37
150
54
150
79
150
40
123
100
36
45
33
91
51
62
150
150
136
150
26
150
109
12
127
19
150
76
140
150
21
142
70
14
150
60
127
60
19
28
14
51
127
34
51
49
150
62
33
22
56
23
40
25
21
26
113
22
99
45
85
40
24
47
17
98
27
35
27
113
54
116
65
35
99
83
37
32
34
134
54
10
43
13
19
68
50
16
42
19
40
17
150
150
104
32
43
12
35
150
24
25
86
51
48
