145
150
150
150
150
150
150
150
150
150
150
150
150
150
150
150
98
150
150
74
150
16
150
150
150
126
148
150
116
126
150
150
116
150
32
150
55
130
113
55
150
110
18
48
150
49
91
71
77
122
93
32
150
83
150
150
87
62
28
79
99
148
83
57
60
21
94
13
91
44
37
90
34
106
150
27
70
127
150
75
64
90
44
24
21
55
54
150
82
19
20
63
31
30
105
52
110
111
47
13
73
135
22
67
23
38
60
115
93
25
20
19
63
44
39
44
10
33
10
44
30
62
61
98
58
17
40
39
15
43
27
27
27
22
37
35
33
16
25
60
19
30
28
22
15
51
36
47
15
57
