150
150
150
113
150
150
77
150
150
150
27
144
74
150
150
98
150
150
150
150
150
150
114
74
145
69
150
90
150
120
150
150
150
60
150
150
95
104
44
150
55
150
69
57
53
36
138
32
143
150
61
50
22
150
77
150
38
150
150
25
108
54
82
132
74
46
110
27
44
150
90
104
16
62
17
147
81
41
42
17
63
15
46
22
22
16
150
30
45
35
34
32
46
96
46
23
58
150
27
13
21
35
34
50
52
73
48
26
33
117
48
37
73
47
32
19
133
44
80
38
146
119
45
124
23
28
25
28
21
53
31
51
93
45
36
21
24
54
26
74
13
84
150
17
50
21
18
17
21
62
