150
150
150
150
150
150
150
150
150
150
150
150
150
150
150
150
142
150
150
28
150
150
150
150
150
150
123
150
150
55
150
128
150
114
150
58
82
122
35
43
98
28
34
150
61
104
39
31
150
148
85
150
134
57
35
45
53
150
80
28
80
51
150
40
45
101
53
29
34
134
52
150
46
12
43
46
75
36
99
29
54
25
66
78
150
136
18
62
43
37
48
85
14
27
150
31
96
129
45
30
65
84
36
51
32
115
66
13
111
15
34
25
49
65
39
29
16
59
66
11
23
29
46
8
25
56
57
24
105
62
11
40
128
26
54
13
48
11
19
150
74
43
67
21
79
39
22
19
34
32
