150
150
150
150
150
150
150
150
150
150
150
145
150
44
150
103
150
103
80
150
150
83
150
150
150
150
150
150
150
150
150
150
150
150
29
73
150
150
150
150
53
115
150
32
150
150
150
26
150
95
150
150
150
113
25
150
150
27
37
146
93
88
46
97
57
150
106
150
150
72
150
150
54
34
62
90
14
149
150
40
45
37
150
150
50
111
150
77
104
150
150
94
119
78
123
92
147
119
91
150
53
84
119
99
88
42
71
57
83
82
150
87
150
150
37
24
42
61
124
150
81
35
150
55
47
16
60
116
32
63
43
26
72
150
61
150
97
22
10
150
52
150
139
148
102
112
72
20
43
29
