150
150
150
150
150
150
150
150
120
150
150
150
150
150
150
150
146
150
110
150
98
150
150
150
150
150
150
150
150
104
150
150
141
150
150
150
133
150
150
135
150
150
150
150
150
150
150
150
150
26
85
150
150
150
150
48
150
18
150
150
150
150
88
99
150
150
150
150
150
150
150
29
150
150
150
88
25
123
150
150
150
150
150
150
140
150
64
74
150
101
82
31
8
20
53
127
115
25
50
150
10
150
80
150
28
78
24
53
47
62
111
13
27
150
26
150
12
80
18
52
21
24
13
51
55
46
104
49
24
10
10
33
48
20
16
150
17
114
74
26
38
28
81
150
18
52
46
24
79
40
