150
150
150
150
150
150
58
91
150
150
150
112
99
150
80
43
150
78
150
150
150
150
137
117
65
150
150
150
47
150
44
32
150
139
16
150
71
39
26
43
33
50
141
104
150
17
35
55
150
43
17
63
118
32
27
12
73
97
80
126
94
73
43
46
39
53
45
20
27
64
64
68
123
21
29
70
115
32
75
136
150
74
47
101
150
150
150
150
79
23
136
90
94
61
20
13
45
43
89
34
61
121
134
120
27
150
86
53
56
150
51
66
122
45
21
86
52
44
122
117
20
37
16
70
17
25
84
24
10
106
15
30
45
121
140
25
33
63
54
110
55
25
150
97
135
13
88
17
58
63
