127
150
82
150
150
150
150
57
150
150
150
150
150
150
150
150
150
150
150
141
150
150
150
150
150
150
150
150
150
150
50
125
72
93
150
36
89
100
92
15
150
150
150
150
145
74
150
150
150
150
92
150
45
80
150
150
150
150
150
68
56
43
30
47
30
129
47
111
20
58
32
150
43
71
113
87
53
150
96
82
150
26
150
130
109
128
137
22
64
85
104
98
148
55
91
150
149
38
50
25
69
33
21
127
18
82
37
71
65
30
149
35
120
41
102
14
33
18
31
30
91
52
34
22
38
28
150
47
28
86
23
10
49
31
75
32
56
61
44
62
15
81
25
87
15
26
42
70
72
26
