150
150
150
150
150
150
150
150
150
150
150
150
150
150
150
150
32
150
119
27
150
150
150
26
26
150
84
150
150
85
58
150
105
104
118
150
113
14
150
75
94
42
90
150
150
76
90
66
60
150
32
85
84
25
150
116
150
75
32
150
13
64
110
137
150
91
64
44
84
150
49
137
123
101
101
39
64
36
102
119
150
43
43
22
74
150
125
24
42
93
31
150
16
150
49
51
54
17
19
59
44
82
150
58
94
59
13
70
94
58
71
14
150
46
120
11
150
61
34
28
74
74
34
55
29
13
20
54
122
43
45
32
29
150
54
36
37
63
18
25
124
33
17
17
46
17
41
47
40
28
