150
150
150
74
150
150
109
150
150
150
150
150
150
13
150
150
150
150
104
150
58
107
31
150
150
91
150
150
133
67
150
150
122
64
114
150
150
142
150
150
150
29
108
150
150
28
150
150
111
50
150
150
37
110
150
150
19
86
50
110
150
56
93
150
69
111
30
24
150
150
150
150
98
58
150
63
150
150
49
88
116
150
71
135
150
150
67
79
66
74
150
112
49
58
59
60
90
56
62
14
131
58
23
122
150
86
84
59
22
46
29
35
94
89
66
97
110
60
67
42
8
98
150
76
63
150
22
27
21
150
94
95
38
17
31
76
27
38
28
53
128
36
45
18
33
33
33
28
64
33
