150
150
150
150
150
73
150
150
150
150
23
150
150
150
150
150
150
150
150
150
150
150
150
150
150
146
67
118
150
50
105
87
116
45
150
120
68
150
150
93
74
150
150
150
39
150
150
20
85
150
150
112
150
69
150
52
45
150
150
150
71
150
150
49
150
25
98
133
126
150
109
150
97
48
97
48
42
150
14
47
150
150
43
150
150
121
27
150
141
150
142
58
150
51
25
76
68
104
27
150
150
118
30
137
36
124
65
86
79
150
49
112
150
150
30
150
22
43
150
112
63
56
103
70
42
43
141
61
50
19
26
24
32
76
74
13
26
22
40
37
59
150
47
45
39
26
61
36
16
9
