150
150
150
150
150
150
150
150
150
150
52
150
100
150
150
150
150
150
150
133
150
150
109
150
99
123
150
150
150
150
144
150
150
150
20
150
150
150
56
150
54
150
150
150
81
51
150
150
108
150
150
51
129
60
150
53
74
150
91
144
150
88
26
58
86
59
36
45
22
92
74
34
150
15
119
150
44
23
44
56
93
60
36
83
35
30
55
21
69
121
98
58
42
78
23
34
91
11
87
26
28
13
44
17
80
34
54
105
29
25
25
117
130
53
150
73
74
60
37
110
147
44
37
47
27
99
150
29
14
129
43
43
56
22
19
17
19
30
11
18
150
74
54
27
54
26
33
22
70
15
