150
150
150
150
150
150
98
150
150
150
150
147
150
150
150
150
117
135
97
150
150
150
150
150
53
150
150
150
150
150
104
126
150
113
96
150
150
143
127
77
150
150
150
150
150
150
150
150
111
135
78
102
115
19
150
150
150
36
150
59
150
30
106
150
150
51
110
97
87
94
150
31
74
97
69
136
150
55
108
43
52
150
150
102
35
89
81
91
108
86
137
150
61
150
57
86
150
40
150
21
142
150
150
150
39
106
11
46
62
58
40
63
108
87
150
19
21
142
90
150
131
60
150
28
77
62
26
52
28
150
30
67
42
66
61
26
43
41
34
39
68
18
15
17
26
33
21
57
29
42
