150
150
150
150
150
150
150
150
150
124
150
150
150
150
150
150
150
150
150
150
25
150
150
150
150
150
148
78
150
150
150
29
150
150
150
46
98
150
150
150
89
150
150
150
150
150
150
150
150
150
150
150
145
31
150
150
150
150
150
150
53
150
150
150
150
37
119
113
50
150
150
130
150
150
50
150
150
150
150
103
138
32
150
150
150
110
150
105
24
115
150
60
78
150
150
150
121
144
107
78
82
44
31
110
150
22
150
150
26
32
78
143
150
40
150
41
150
140
66
68
150
134
134
89
28
84
117
59
150
150
61
37
150
56
150
55
150
135
55
81
150
51
98
150
132
105
78
53
150
50
