150
150
150
150
150
150
150
150
150
150
84
150
150
150
150
150
102
150
28
67
150
131
150
150
68
81
43
150
97
97
130
52
52
150
63
150
150
150
87
150
47
150
30
80
60
150
140
150
132
150
36
25
21
150
69
150
150
106
113
150
65
150
54
65
65
54
146
127
103
47
150
36
150
73
137
150
64
64
54
150
90
15
150
136
124
150
70
22
150
61
21
58
51
136
127
150
150
89
150
67
108
146
70
150
28
66
43
33
136
71
52
61
150
18
141
121
69
70
24
30
143
150
90
49
47
24
43
61
140
72
150
150
47
127
56
129
95
21
51
26
26
65
150
127
70
44
18
36
74
67
