150
150
150
150
150
150
150
150
150
150
150
150
150
150
150
150
150
150
150
150
150
150
150
150
150
150
150
150
150
150
150
150
150
150
150
142
150
118
150
150
150
150
150
67
150
150
150
150
150
150
73
118
150
150
150
150
94
38
150
66
25
90
150
112
27
150
150
95
136
79
67
41
78
141
150
143
56
87
65
34
89
150
108
126
150
150
131
102
24
94
87
58
150
48
15
36
150
111
150
104
150
73
109
145
150
150
150
41
47
150
150
116
86
150
45
78
69
126
44
47
118
40
150
150
77
150
150
150
57
50
107
35
49
39
37
69
33
70
31
40
106
25
116
50
87
150
28
57
14
150
