122
140
150
150
150
150
150
135
150
141
128
150
150
150
115
127
150
150
33
150
150
150
34
150
150
52
150
150
67
95
121
150
150
150
150
71
150
73
121
150
49
150
150
44
150
150
150
79
31
150
150
99
150
150
150
150
74
150
150
130
102
93
150
95
125
150
28
131
23
73
150
83
150
150
68
139
80
58
48
62
41
123
138
26
55
58
150
150
105
27
48
101
150
27
12
61
40
150
150
28
91
39
82
25
150
149
143
122
30
72
47
84
55
74
150
125
49
28
23
150
30
150
150
53
31
150
36
80
11
56
127
150
106
82
91
108
25
108
25
83
130
87
150
10
150
33
61
9
91
30
