150
150
150
150
150
150
150
150
150
150
150
150
79
100
150
150
150
150
70
150
150
150
58
87
40
116
55
43
150
89
66
86
61
53
16
76
150
47
135
150
150
56
92
37
61
86
77
150
150
147
79
150
150
150
37
44
55
150
36
150
69
74
63
150
150
104
150
42
124
143
150
89
150
150
84
53
47
150
150
42
22
90
150
32
38
150
58
150
35
63
150
150
60
150
65
76
21
150
75
100
150
114
150
136
25
150
27
150
18
49
45
72
41
43
19
29
19
13
50
45
99
17
39
36
36
39
23
42
14
44
13
28
21
48
66
41
23
26
58
54
32
150
23
125
30
23
90
150
25
45
