150
70
150
150
150
150
150
150
150
150
150
150
150
150
150
150
150
150
40
150
150
150
150
150
106
150
150
42
117
150
21
150
150
150
150
77
127
150
149
150
150
150
150
77
106
46
82
107
150
150
150
150
150
150
150
150
46
148
150
43
150
63
79
150
15
150
150
150
150
35
48
150
87
145
150
29
67
150
113
86
138
20
150
150
130
43
150
63
57
150
61
71
57
150
58
91
145
47
95
150
41
119
83
28
17
45
43
57
90
44
91
83
132
64
23
28
82
150
21
19
45
31
41
47
27
44
150
71
56
35
129
61
32
32
50
120
55
150
27
81
33
37
33
119
150
19
40
29
66
31
