150
150
150
137
150
150
150
150
150
150
150
150
150
150
150
150
127
150
150
150
150
150
150
150
150
150
150
150
70
150
150
121
150
150
150
62
150
62
46
37
150
115
150
150
21
150
50
150
150
150
76
47
61
150
150
97
39
130
78
150
150
150
150
150
39
150
150
89
150
150
150
129
101
107
35
99
150
78
36
20
110
150
150
144
150
150
150
48
18
44
150
150
114
70
127
124
133
35
136
47
119
74
64
112
51
54
63
54
43
150
64
110
20
93
26
48
105
66
30
52
150
60
69
25
45
40
52
150
28
27
97
14
150
27
43
101
125
25
20
34
60
33
75
150
11
150
115
42
132
43
