150
150
150
150
150
150
150
146
83
150
150
150
150
150
150
57
150
150
150
150
150
71
150
150
59
79
150
115
124
84
56
150
150
130
22
110
112
129
142
64
104
83
78
150
127
55
150
39
150
27
117
71
150
150
150
100
56
40
24
150
44
65
94
83
134
26
25
108
56
150
103
94
135
150
150
25
103
123
35
35
28
51
92
56
51
21
150
20
63
56
82
93
42
44
57
52
28
60
54
126
59
38
33
23
22
43
50
29
61
17
93
121
103
24
21
70
54
143
9
62
69
27
150
17
52
17
96
41
42
15
77
53
18
102
31
71
40
100
50
71
19
36
74
22
32
35
46
27
16
19
