150
150
119
83
103
36
123
150
150
150
133
150
150
146
150
106
110
70
77
56
50
145
150
150
115
23
150
30
126
150
46
150
150
39
150
143
104
30
81
30
150
28
140
150
62
50
32
150
150
19
133
150
84
90
118
57
150
54
150
150
150
101
150
134
124
26
150
150
107
145
38
33
150
25
88
94
64
56
150
67
55
150
33
75
150
18
32
150
90
121
69
38
78
96
34
58
75
88
78
127
130
84
35
150
145
112
150
106
10
53
20
150
12
76
19
48
150
150
75
40
50
150
53
34
43
150
130
37
39
32
125
24
93
81
38
35
106
150
39
31
99
61
52
31
83
150
25
150
49
34
