31
150
150
150
150
150
150
150
150
150
150
150
150
150
95
150
150
28
150
150
122
150
150
150
150
150
150
150
150
150
150
150
150
150
150
67
150
41
150
150
150
150
105
23
150
125
110
150
26
74
150
150
25
54
150
150
150
55
150
111
22
32
150
150
66
101
150
40
87
150
150
150
150
14
150
92
150
150
27
66
128
24
22
36
71
92
150
150
128
48
150
88
150
150
150
150
98
82
10
56
85
71
150
46
99
90
97
78
51
34
65
145
150
92
150
41
32
70
67
62
86
31
17
56
94
33
35
51
36
33
31
27
67
57
35
40
103
13
37
75
49
51
54
76
113
26
150
64
21
101
