150
150
150
150
150
150
150
150
150
150
150
150
150
150
130
47
150
150
150
150
150
150
150
150
84
70
150
150
150
103
91
100
150
150
68
150
150
101
150
150
150
150
150
126
150
150
12
26
73
150
111
150
150
150
150
62
49
150
150
150
72
150
106
131
150
66
150
72
147
78
75
110
62
150
42
150
150
65
119
150
120
38
79
127
65
87
124
14
67
150
115
78
111
38
83
46
145
14
101
45
106
22
94
21
45
38
107
44
33
58
96
32
42
98
150
28
30
72
47
80
43
31
94
91
59
133
20
116
67
77
63
31
77
67
30
73
90
64
36
150
22
40
18
128
43
43
39
113
56
25
