150
150
150
147
71
150
150
57
150
150
150
80
150
31
150
150
150
150
21
150
52
150
83
150
150
33
150
103
24
150
150
116
150
150
56
150
150
123
150
150
150
150
82
150
92
70
10
62
112
111
150
95
124
127
40
80
62
15
150
105
150
150
50
88
88
27
50
150
37
150
54
37
69
88
86
34
27
71
150
102
49
91
60
134
59
46
129
150
108
44
43
18
16
86
11
127
13
34
17
39
95
125
30
22
19
66
40
15
75
46
27
38
57
15
54
48
96
88
114
37
42
81
150
29
57
39
44
27
150
27
33
21
26
33
29
16
47
66
38
150
29
41
48
31
9
21
72
76
50
26
