150
150
104
13
46
59
84
108
150
150
81
82
104
90
150
150
54
150
54
55
150
61
141
149
150
150
68
77
150
73
81
150
118
67
34
113
122
150
96
99
104
150
150
71
150
150
150
124
63
150
15
135
120
125
37
109
150
39
150
49
63
29
150
54
27
64
52
125
14
46
118
62
25
39
78
79
46
42
25
37
26
68
106
63
12
52
29
58
92
139
138
16
59
150
113
47
17
46
55
55
130
150
150
109
41
150
59
117
24
19
43
33
90
13
14
65
75
80
65
50
22
44
15
29
32
52
25
49
31
31
59
40
63
48
36
19
30
37
42
30
82
18
20
14
25
34
13
116
24
59
