150
150
150
150
150
150
150
150
98
119
89
150
150
150
150
150
150
150
150
150
150
150
150
150
150
150
37
150
150
150
150
150
150
150
42
141
87
150
150
150
62
86
13
62
72
142
141
150
150
48
150
86
150
78
150
150
119
147
24
150
150
137
110
22
16
150
43
93
102
67
150
52
65
54
95
28
12
150
141
150
30
43
92
100
122
79
54
31
150
66
38
62
108
133
25
86
134
95
57
60
28
24
20
54
28
54
150
15
37
112
35
17
87
10
120
63
15
81
150
37
120
63
39
139
72
40
24
42
19
15
52
97
48
133
47
59
93
45
76
17
37
39
51
150
9
110
82
16
129
28
