150
103
150
91
150
150
150
134
36
150
135
150
139
116
150
56
57
150
84
150
109
150
150
56
150
150
150
83
150
150
150
64
150
150
150
150
150
40
150
150
150
34
150
150
150
116
150
69
150
135
113
138
150
84
105
37
150
150
150
52
76
87
116
123
52
115
38
68
28
150
27
95
35
66
53
78
12
142
38
100
24
34
64
40
150
64
150
112
103
37
37
71
148
150
41
67
26
34
26
42
26
23
26
126
49
53
67
18
42
22
62
27
10
107
47
43
97
52
89
150
33
9
23
29
35
42
150
35
17
44
11
90
53
17
9
87
87
27
23
16
17
65
17
72
14
14
26
26
13
40
