150
150
150
150
150
150
150
150
150
150
150
150
150
150
150
150
150
75
150
105
150
150
150
52
150
150
150
150
150
50
150
68
123
150
150
150
150
150
150
150
111
150
78
150
150
52
150
150
150
150
150
118
131
37
35
38
150
84
150
150
150
150
62
150
150
150
150
150
150
150
150
150
19
150
150
150
150
150
150
139
150
120
150
73
84
90
150
52
32
75
150
150
125
53
120
92
111
126
77
44
39
150
31
64
62
20
132
28
32
41
71
101
62
21
123
80
98
65
49
41
63
82
39
86
49
28
25
69
63
17
41
17
30
37
150
23
27
54
58
31
20
42
42
35
26
31
135
47
92
23
