150
138
55
102
150
43
115
150
150
66
150
150
150
150
133
109
150
150
150
150
150
150
150
150
150
150
150
150
150
97
51
150
150
150
21
150
139
150
150
150
98
145
26
150
51
114
74
33
150
150
55
150
56
58
150
150
140
32
39
150
44
76
45
150
150
87
61
39
148
150
78
56
12
56
104
48
127
17
70
79
77
81
77
28
18
145
32
150
37
70
35
21
72
50
150
132
150
60
98
28
39
36
98
29
32
74
29
68
27
140
73
85
150
150
31
26
150
30
11
58
41
29
131
17
120
87
33
85
53
106
44
44
31
68
80
46
47
113
76
124
24
90
76
75
29
49
85
49
30
43
