150
150
150
150
150
150
133
150
150
150
150
150
150
150
150
145
51
47
150
98
150
109
147
35
150
150
150
150
101
150
129
150
150
115
66
150
150
41
150
150
150
105
126
150
150
104
127
150
150
101
150
65
101
150
33
150
57
89
72
150
150
150
150
150
82
39
144
96
113
150
150
150
37
150
150
42
91
150
150
150
150
74
32
150
150
150
43
60
150
150
48
127
81
94
79
150
19
74
150
21
13
63
31
21
91
23
69
18
52
76
150
50
45
53
35
145
150
92
17
29
123
92
15
85
44
101
51
25
74
54
17
18
26
97
48
44
68
40
31
37
60
88
81
25
48
38
64
71
16
127
