197
200
200
200
35
200
193
200
200
200
164
114
200
200
155
200
200
200
200
200
200
200
200
200
200
200
200
200
200
200
200
200
200
147
200
40
200
200
89
200
60
200
163
134
99
200
82
199
200
200
200
200
35
80
200
194
200
200
200
187
200
172
200
200
183
182
158
200
200
200
200
200
200
200
200
200
200
200
200
200
200
200
200
200
200
154
182
165
200
200
200
58
200
200
200
171
200
200
200
200
200
200
103
92
200
200
200
200
200
46
109
200
200
200
102
200
63
200
152
200
200
200
200
200
200
30
200
200
200
200
200
200
87
200
182
168
200
200
200
200
131
200
200
200
200
200
200
200
200
200
