200
187
200
200
200
200
200
74
200
200
200
173
169
200
200
200
200
119
200
200
200
200
200
180
23
200
200
200
200
200
149
200
113
200
200
200
189
200
200
200
200
200
64
182
200
200
200
200
167
165
145
200
200
200
184
200
200
200
197
123
149
162
87
92
200
184
200
200
200
200
200
200
173
167
133
71
200
181
200
200
200
200
200
191
200
200
200
200
200
200
80
200
200
142
200
200
200
200
200
91
200
200
200
200
200
200
200
200
200
200
200
169
200
200
200
114
200
200
200
151
200
200
200
200
200
200
200
200
200
200
200
200
141
128
110
200
200
160
81
83
200
200
200
200
200
103
191
85
165
200
