200
200
197
200
200
200
200
200
200
200
159
200
200
200
158
200
200
200
126
200
200
145
156
200
200
200
96
200
200
200
200
128
200
200
200
200
200
200
200
200
200
200
200
200
200
200
200
200
200
200
200
200
200
200
148
200
200
200
200
200
200
200
200
90
102
200
200
200
200
200
200
200
200
39
200
200
97
200
200
200
200
200
200
124
200
200
200
200
200
200
200
200
200
200
200
69
200
200
200
200
200
200
90
182
128
200
200
200
200
200
200
200
200
200
195
200
200
200
200
200
200
197
40
200
200
200
139
200
200
200
92
200
200
200
200
133
150
200
105
200
83
200
168
200
158
124
200
200
200
172
