200
200
200
200
200
200
200
200
200
200
200
200
200
200
200
200
200
200
200
200
200
200
200
200
200
200
159
44
200
200
200
147
200
200
116
200
200
59
200
200
200
200
99
200
200
200
200
200
200
200
200
83
200
200
200
200
200
200
200
102
200
95
200
200
200
75
200
200
200
156
57
57
200
200
200
70
83
200
200
200
157
200
200
200
200
200
200
120
200
168
200
200
200
200
200
200
186
200
178
200
200
200
62
200
188
200
200
200
200
200
200
200
162
200
163
200
200
200
200
200
200
133
200
200
200
200
200
200
121
200
200
136
200
200
200
200
200
200
117
193
200
200
200
200
158
200
200
200
101
200
