200
88
200
200
200
200
200
200
200
200
200
200
200
200
200
188
200
200
200
200
200
112
200
83
79
200
200
200
200
200
117
46
200
200
200
93
200
200
200
200
200
154
200
200
200
96
200
200
200
129
200
200
200
200
200
200
200
200
134
200
200
200
200
200
134
200
200
200
200
200
200
200
200
200
200
200
120
200
90
200
150
200
96
195
200
200
132
200
200
200
200
200
200
200
78
190
200
165
200
200
141
157
161
200
95
158
200
200
200
200
200
200
200
89
185
200
200
200
200
200
200
200
168
178
200
200
164
200
200
180
200
200
200
200
37
200
200
200
200
200
200
200
200
200
200
200
200
200
165
53
