200
200
200
200
200
200
200
200
200
153
200
200
200
200
200
175
200
200
200
200
200
200
200
200
94
200
200
200
95
119
145
200
200
174
200
200
200
200
198
200
200
200
200
200
200
200
200
200
200
200
200
200
200
200
200
200
200
200
141
120
200
200
200
200
200
154
200
200
200
200
200
200
200
147
200
200
200
87
200
200
200
200
200
200
200
200
200
200
112
151
200
200
200
200
200
200
25
200
104
30
200
190
200
200
200
200
200
200
200
125
200
200
200
200
200
200
200
200
200
120
200
200
200
200
200
200
200
200
200
200
141
200
200
200
200
200
111
200
131
107
200
200
200
200
82
200
123
200
200
200
