200
200
200
200
195
99
200
200
200
185
70
200
200
200
130
200
152
178
142
200
173
200
200
200
200
200
200
200
200
84
177
200
200
200
200
200
200
101
200
200
152
200
114
200
200
200
200
200
200
200
200
200
200
138
200
200
200
200
164
200
172
105
200
200
107
200
200
200
200
200
200
200
200
200
200
97
200
134
200
200
200
200
110
200
102
200
200
200
200
200
200
200
200
200
200
200
200
200
200
200
200
200
72
193
200
90
37
200
98
143
151
200
200
55
200
200
200
200
200
200
200
200
200
200
109
200
131
67
200
48
200
200
128
200
200
178
200
200
94
186
115
200
200
200
200
200
200
200
200
154
