200
200
200
200
200
200
200
200
200
200
200
200
200
200
200
200
162
200
73
200
200
200
200
122
58
200
200
200
127
108
200
200
200
200
200
200
200
146
200
200
200
55
200
200
178
200
200
200
200
96
200
57
171
200
106
200
200
200
200
200
200
100
200
200
200
200
200
200
200
34
200
200
136
200
200
200
200
200
100
200
200
200
200
200
94
200
200
200
73
142
81
200
192
200
200
200
200
200
200
200
200
200
200
129
200
139
200
200
200
176
200
200
100
182
200
200
200
200
200
139
200
98
177
184
138
200
153
200
200
200
200
90
200
200
200
200
200
200
123
200
200
84
165
200
200
200
181
200
156
107
