200
154
200
200
200
200
200
200
200
200
147
200
200
200
200
200
200
200
200
200
200
200
200
200
200
200
68
200
200
200
123
90
200
200
200
200
200
200
200
200
200
200
200
200
110
200
113
200
158
200
126
200
200
157
200
200
200
200
200
200
200
200
200
200
200
58
200
200
200
111
200
200
200
125
200
200
200
123
119
200
200
128
200
200
200
113
200
200
120
200
200
140
49
172
200
200
200
200
195
125
200
187
150
57
200
200
200
155
152
200
200
81
200
92
110
139
200
200
140
200
187
200
200
171
192
200
175
200
200
200
200
200
153
199
45
200
200
200
200
200
200
200
200
200
200
200
200
200
200
172
