200
200
200
137
109
200
200
200
200
135
200
200
200
200
137
200
200
200
200
200
200
200
200
200
97
200
200
200
200
200
200
200
200
58
200
200
200
200
200
200
200
200
200
188
200
95
63
162
200
200
200
200
200
98
200
200
200
200
200
128
200
200
200
200
200
200
200
200
200
200
200
200
200
200
200
200
200
200
200
200
200
200
200
200
200
200
200
80
200
51
200
191
200
199
200
200
200
200
77
200
200
200
200
112
109
200
122
200
200
163
54
200
200
200
95
200
200
176
200
200
200
200
200
200
190
180
200
200
200
174
200
153
200
125
200
200
200
137
200
200
200
200
200
200
120
200
150
181
200
130
