200
200
200
200
200
200
198
149
200
200
200
200
200
200
200
200
200
200
200
200
186
200
200
200
200
200
200
200
200
200
200
56
200
200
200
120
200
82
182
200
200
200
200
200
200
200
65
173
200
26
200
123
200
200
200
200
200
200
200
162
200
200
200
200
139
111
200
200
200
38
200
200
200
200
141
200
200
200
200
200
131
200
102
200
200
200
200
200
200
200
200
200
200
200
200
200
200
164
191
200
200
200
200
200
200
200
200
200
200
65
200
200
137
164
200
150
144
200
195
200
200
33
200
200
200
102
174
74
200
200
200
200
200
200
200
200
200
200
200
200
200
49
200
200
200
200
200
200
200
130
