200
200
200
200
200
200
200
113
200
200
126
200
200
200
200
200
200
200
115
200
200
200
200
200
54
200
200
200
200
200
124
200
200
200
200
118
141
200
160
200
44
200
200
200
200
200
200
200
200
200
200
200
168
200
188
200
200
200
200
200
191
200
160
110
200
121
200
200
121
200
200
136
200
200
134
200
200
200
193
45
200
120
200
200
90
200
200
200
122
200
200
200
181
137
200
57
21
200
180
200
193
200
200
200
200
200
200
200
200
200
101
200
200
200
89
200
200
133
200
200
200
131
200
200
200
200
200
85
200
200
200
200
200
200
200
82
200
200
123
146
200
200
200
200
200
92
200
102
200
200
