200
200
103
131
200
200
200
200
200
200
200
167
200
161
200
122
200
136
200
96
200
200
200
200
92
200
85
101
200
200
200
200
200
200
200
125
200
122
200
72
131
200
117
134
200
200
200
200
200
134
200
200
200
176
89
200
200
200
200
200
200
200
200
87
107
200
200
200
31
200
142
173
200
200
200
194
88
200
56
200
200
200
200
200
200
87
200
200
200
200
124
124
200
200
200
92
200
200
200
25
179
186
39
200
200
200
97
47
200
172
200
200
200
200
200
200
200
111
200
166
200
121
200
200
200
200
200
200
89
190
200
133
200
174
200
91
200
118
200
200
59
200
200
200
158
200
57
200
200
200
