200
200
200
200
97
200
200
85
200
200
200
191
200
200
200
200
200
200
200
200
75
16
172
200
200
200
200
200
200
136
200
200
200
200
200
200
200
200
200
200
109
200
200
200
200
200
129
75
171
200
200
200
200
200
200
155
200
157
200
200
200
200
200
200
200
200
200
200
200
200
200
200
200
200
86
173
200
200
200
91
200
82
200
200
200
182
200
63
59
135
149
200
200
200
144
200
184
102
200
200
92
200
116
187
200
200
200
200
200
200
157
65
188
170
200
200
200
200
200
200
200
200
200
200
190
200
200
200
200
140
200
200
200
200
200
200
122
200
200
200
94
164
86
200
200
149
100
107
179
200
