200
200
200
200
200
200
200
200
200
200
200
200
200
200
200
200
200
200
200
200
200
200
200
200
123
200
200
200
200
156
200
117
200
151
200
200
200
200
200
200
109
200
165
200
200
200
200
200
200
200
136
200
200
200
200
200
200
200
200
200
200
139
200
200
200
143
200
200
200
200
159
200
92
200
200
200
200
200
130
200
39
200
200
200
200
200
200
200
118
200
123
200
100
200
200
200
188
200
200
200
200
200
200
200
200
200
129
200
200
200
112
186
200
200
172
200
200
200
200
200
200
25
146
200
200
200
98
200
96
200
200
32
200
200
51
200
193
200
200
200
54
200
199
57
160
200
200
163
200
130
