200
200
179
200
200
200
200
200
162
200
200
200
200
200
47
200
200
200
200
200
200
200
200
125
143
200
200
200
170
200
200
72
200
200
200
143
200
200
181
165
200
200
200
135
160
88
200
200
169
171
200
200
200
200
158
200
145
167
27
104
200
200
200
200
200
137
200
200
200
200
200
200
200
200
200
97
200
200
31
162
103
200
200
125
200
200
200
200
76
200
200
192
72
200
60
19
200
200
90
37
200
120
81
200
200
134
200
200
87
200
83
200
180
200
200
200
200
200
200
146
200
200
200
200
172
200
200
114
182
200
200
200
200
127
200
200
200
200
200
200
200
200
44
200
200
200
98
200
71
200
