200
200
200
200
200
200
200
200
200
200
200
200
200
130
200
200
200
200
200
200
200
200
86
199
182
195
200
200
200
142
149
126
200
200
200
200
200
200
162
200
23
200
200
200
200
200
200
138
200
200
183
187
200
189
80
200
200
200
200
200
152
145
200
200
117
200
200
200
169
200
200
112
200
200
200
200
200
200
89
200
200
105
200
200
200
200
200
160
200
200
200
21
200
21
200
200
200
200
200
200
200
200
159
36
200
200
200
97
200
200
200
200
200
200
200
87
200
200
200
152
200
56
200
106
200
200
200
157
115
200
200
200
200
200
161
200
200
200
126
200
200
200
49
200
200
200
200
200
200
200
