200
200
200
95
200
200
200
200
200
93
200
129
134
200
200
200
155
200
100
61
200
200
200
200
200
200
200
100
200
200
200
200
200
69
200
200
92
200
200
200
200
200
200
200
172
35
200
183
200
200
200
200
200
200
200
200
200
179
51
200
119
200
200
200
200
200
200
200
200
200
200
200
200
90
200
200
200
148
200
193
200
200
200
200
200
200
200
178
200
200
167
200
200
116
200
200
73
200
187
200
53
200
51
200
200
71
200
138
89
63
73
200
140
200
116
186
138
200
200
200
200
200
200
200
200
200
200
200
200
200
107
200
200
200
200
200
200
69
200
182
200
200
200
200
146
187
200
200
200
200
