200
200
200
109
182
200
179
109
167
200
200
200
200
31
200
200
200
200
200
200
200
200
200
52
200
200
200
200
194
198
161
200
200
200
200
200
60
200
200
200
200
200
200
200
200
200
200
200
200
80
200
200
196
200
200
200
168
200
149
200
200
200
200
200
116
200
200
200
200
200
200
200
83
200
200
200
200
200
200
142
200
200
200
133
86
200
200
186
200
200
200
200
178
200
200
200
200
59
200
200
88
200
200
200
200
94
200
200
200
200
200
200
200
200
200
153
200
200
200
200
200
200
187
200
200
159
58
200
179
150
200
30
200
200
69
200
200
200
112
200
200
85
200
200
200
200
200
154
200
200
