200
200
200
200
200
20
200
200
200
106
200
200
200
200
200
60
156
200
200
200
200
152
177
200
200
200
56
200
128
200
200
200
96
200
200
200
200
87
200
79
69
200
200
200
121
200
35
200
81
200
191
200
98
200
200
179
200
190
145
200
200
200
200
200
200
152
200
200
200
103
200
200
200
200
200
200
200
200
200
200
200
200
200
200
74
59
200
200
200
68
200
200
197
200
200
200
71
200
136
200
200
68
200
192
154
192
200
200
102
200
200
200
200
200
200
200
200
200
200
200
155
200
200
200
93
88
200
200
200
200
200
200
200
23
200
200
200
200
200
200
200
200
200
200
92
200
200
164
200
85
