200
200
200
200
200
200
200
157
200
200
200
200
200
127
200
200
200
200
200
200
200
136
136
200
200
107
152
200
200
200
51
200
200
200
200
200
140
200
49
200
182
200
200
200
200
200
200
200
200
200
200
200
200
200
175
200
200
153
173
30
111
200
124
200
200
127
200
200
200
200
200
200
130
200
46
200
58
200
200
200
200
200
200
140
172
200
200
200
116
200
114
106
200
200
200
200
150
200
200
200
77
200
200
200
200
200
200
200
112
200
117
200
126
25
200
197
200
200
200
200
200
200
200
200
200
200
200
188
200
200
200
200
200
200
200
46
200
200
200
200
179
200
200
157
200
200
200
200
200
166
