200
200
200
200
200
200
200
146
53
200
200
200
200
200
200
200
200
200
138
200
200
200
200
200
200
200
200
200
200
200
200
200
200
200
200
145
200
200
200
200
200
200
200
200
200
116
200
200
200
200
167
51
32
56
200
65
200
172
200
200
194
200
200
200
200
200
158
200
200
63
200
200
70
200
153
200
124
200
200
153
143
200
200
200
200
200
200
200
200
200
200
200
200
175
200
80
200
27
72
176
200
170
200
200
174
200
86
200
200
200
200
200
200
200
200
200
200
200
200
170
200
169
200
115
200
183
200
200
200
70
114
199
200
200
200
200
200
200
200
200
200
133
200
93
200
145
200
200
200
200
