200
200
177
200
200
200
114
200
200
53
200
159
200
200
162
200
200
189
126
200
200
200
64
200
200
200
200
159
200
200
200
200
124
162
200
172
200
200
200
160
200
200
132
200
109
86
45
111
183
70
200
200
184
197
200
200
200
200
200
112
139
200
95
200
113
200
102
200
184
200
62
153
200
200
151
200
140
200
200
158
200
169
200
86
200
142
114
193
200
166
200
200
200
200
107
84
161
200
200
46
140
195
53
40
200
200
200
153
200
200
200
200
200
184
200
108
200
200
200
200
106
200
188
200
200
200
175
200
200
200
200
200
200
140
200
152
200
200
200
200
200
200
200
200
175
200
200
200
200
200
