200
200
200
200
200
200
200
200
197
200
200
200
64
200
200
151
200
112
200
200
200
78
200
200
200
200
200
200
156
200
200
178
200
68
16
200
200
200
200
200
200
123
200
200
200
200
114
170
55
48
200
200
200
200
200
200
200
200
200
200
200
200
91
144
200
200
134
200
200
200
200
200
200
200
200
200
200
97
200
200
200
200
200
200
177
200
200
200
200
200
200
200
200
197
200
200
200
200
200
200
200
200
200
200
200
200
195
200
200
200
200
23
200
200
200
84
200
200
127
200
200
200
200
146
200
200
142
200
200
200
113
200
65
200
200
200
200
120
200
200
200
197
200
56
82
32
200
142
200
112
