200
200
192
200
81
200
111
117
185
200
200
200
90
200
200
200
200
100
200
200
200
200
200
200
200
133
200
200
200
200
124
66
200
28
200
200
32
200
63
56
190
200
200
88
200
140
170
200
200
184
200
200
200
200
200
200
200
200
200
94
200
101
200
200
200
109
200
200
119
200
200
200
200
200
200
169
104
99
200
200
200
200
200
200
187
200
200
200
200
126
193
200
25
200
147
183
76
166
200
200
200
200
200
200
200
200
195
131
138
200
200
200
200
155
89
200
200
200
200
138
200
200
57
200
200
183
200
200
200
200
151
56
200
95
200
64
200
200
200
55
200
200
200
200
200
200
200
200
133
133
