200
200
200
200
200
200
188
200
200
200
107
200
200
200
200
200
200
200
200
200
200
200
200
200
200
200
200
200
200
200
200
200
200
200
200
58
107
200
200
200
200
200
200
200
166
200
200
200
200
200
169
200
200
200
200
199
93
200
60
191
200
200
171
200
200
146
200
200
200
200
200
200
111
200
163
200
59
200
66
200
200
122
200
200
200
200
54
164
123
200
200
200
130
200
200
200
127
196
200
200
200
200
200
119
200
92
200
200
200
200
200
200
132
200
200
200
96
200
200
200
200
98
200
200
200
200
200
200
200
200
200
200
200
44
200
102
125
200
200
91
200
200
200
200
200
200
200
200
77
173
