200
200
104
200
200
118
99
200
200
200
200
200
200
146
200
200
189
200
200
200
200
200
200
200
94
200
200
200
200
178
200
200
182
71
200
182
149
200
200
118
200
176
200
163
200
200
200
200
96
200
200
200
200
200
200
200
110
198
200
200
200
200
59
200
200
145
200
200
200
200
200
200
106
200
200
162
122
157
200
200
200
193
200
35
200
200
200
154
183
166
200
157
37
185
200
200
200
200
200
200
200
78
200
200
121
200
200
200
188
21
200
200
200
200
200
200
176
200
66
116
200
200
200
200
200
200
162
33
154
200
63
200
134
197
200
200
200
18
200
200
177
200
200
200
56
200
200
119
200
79
