200
200
200
200
200
200
42
200
94
200
67
176
200
200
200
200
139
200
200
200
200
200
200
200
200
200
181
200
200
200
200
200
200
143
200
200
200
200
200
200
34
200
51
200
200
200
200
168
200
200
200
200
200
200
200
200
200
96
68
200
200
200
200
200
200
39
63
200
200
200
200
108
200
153
200
200
200
157
200
200
200
200
200
200
200
200
200
200
200
200
200
198
200
200
200
200
200
43
200
200
200
200
200
200
200
200
200
162
200
200
187
200
200
200
200
200
200
200
200
161
200
200
200
200
200
200
200
200
200
200
200
200
200
200
200
200
200
200
200
30
109
200
200
200
200
200
191
200
200
165
