200
200
200
200
200
200
200
200
200
200
200
200
60
200
200
143
200
200
200
200
134
200
168
199
126
200
200
200
58
200
200
200
199
200
200
64
200
42
200
200
101
200
123
200
200
113
200
200
200
200
200
200
153
146
200
200
132
200
200
42
200
200
200
200
200
200
75
61
94
200
200
200
200
200
200
200
200
170
200
176
183
200
200
78
135
200
200
166
200
200
200
200
200
200
200
200
200
200
200
79
200
200
200
200
142
200
200
200
200
200
200
200
187
96
200
80
200
200
193
200
200
200
65
200
200
200
200
200
200
200
200
200
51
200
200
200
200
200
200
200
200
200
200
200
200
200
200
200
200
200
