200
200
200
200
200
200
200
200
200
193
200
200
200
200
200
200
200
200
200
200
200
200
200
200
200
200
200
200
87
200
200
200
200
200
162
195
200
200
200
200
200
156
200
183
200
130
200
200
200
200
200
200
200
154
200
200
200
200
200
200
156
200
115
85
200
200
200
200
181
189
191
200
68
130
200
200
200
200
200
200
134
200
179
94
129
200
200
47
200
104
200
176
200
200
200
200
200
131
200
200
168
200
200
200
133
200
200
140
200
200
200
104
200
200
200
200
200
200
200
200
200
84
116
71
200
172
200
164
126
200
200
200
200
200
200
146
175
200
200
200
200
200
56
200
200
85
200
200
200
200
