200
200
200
200
200
200
200
200
200
200
200
200
200
200
200
200
169
200
200
155
200
200
71
200
200
128
153
116
200
200
200
200
200
40
200
200
178
200
200
200
200
65
200
200
82
200
200
200
42
143
200
200
200
200
200
200
200
197
200
200
200
200
185
200
200
200
200
200
200
200
183
200
200
200
200
200
67
200
200
200
200
189
150
97
90
200
200
135
200
191
200
200
200
200
29
89
200
200
123
183
200
200
121
200
200
200
200
169
200
200
200
129
200
200
200
200
200
200
200
200
113
200
200
198
200
200
200
140
168
200
200
200
200
200
200
200
200
200
199
200
166
51
200
174
200
200
200
30
200
200
