200
200
200
200
200
200
200
200
200
200
200
200
200
200
200
200
200
200
200
200
200
107
200
200
200
163
200
200
200
200
200
200
200
200
200
200
200
200
200
200
200
200
58
92
200
130
200
200
200
200
188
200
200
200
200
200
68
200
200
200
200
83
200
200
200
60
200
54
200
196
200
30
122
200
200
149
141
200
200
200
200
200
200
200
56
169
200
200
114
200
200
176
200
152
200
200
200
200
200
200
200
200
200
200
200
200
200
183
200
146
200
200
200
134
113
200
132
161
200
83
112
81
136
161
200
200
89
200
119
142
200
200
153
200
200
200
200
200
200
63
200
200
200
200
200
200
141
200
200
200
