200
200
200
200
200
200
200
200
200
200
200
200
200
200
200
200
200
200
30
200
200
188
200
200
200
200
200
200
200
83
200
200
200
200
200
200
167
189
82
139
200
200
200
200
200
200
200
98
200
52
200
123
200
66
200
200
200
200
200
200
67
116
200
200
200
200
200
200
200
200
200
89
200
200
200
145
200
200
199
140
200
200
200
67
200
192
200
200
200
169
200
200
110
200
200
200
53
89
200
200
200
200
200
200
200
200
200
139
200
200
200
200
200
200
138
200
200
101
200
200
69
200
198
200
200
200
200
200
90
200
200
111
68
190
200
200
200
95
109
200
200
181
86
200
200
200
137
200
200
144
