200
200
155
200
200
200
200
200
200
200
200
200
200
200
200
200
200
200
148
200
200
200
200
119
200
164
200
200
200
200
200
200
200
200
200
200
200
131
82
161
200
200
200
104
199
200
200
93
200
200
200
125
200
200
171
200
200
200
200
181
200
200
200
200
59
200
200
160
17
200
200
33
200
200
200
200
181
200
105
200
200
112
200
54
175
200
200
173
200
175
200
121
30
200
200
200
200
200
157
200
200
159
200
121
88
200
200
200
35
200
200
90
200
200
200
200
200
200
200
200
65
200
200
200
200
190
44
200
200
200
119
119
200
200
63
200
200
200
200
200
200
200
200
200
200
200
78
200
200
200
