200
200
200
200
200
94
200
200
97
200
200
200
166
200
200
200
200
200
200
200
200
200
200
138
200
200
200
200
200
200
200
161
50
200
177
200
200
200
200
200
200
200
200
200
200
147
200
200
200
200
194
200
200
200
200
200
200
200
200
200
200
200
180
200
200
198
200
169
200
200
116
200
200
200
200
200
200
200
200
200
128
173
200
78
99
200
200
200
200
36
200
37
127
181
200
115
175
200
200
200
88
84
200
171
174
200
200
200
200
200
200
146
200
200
200
200
86
139
200
200
200
186
49
164
200
200
74
95
63
200
187
200
95
200
200
47
200
200
65
91
200
197
200
174
200
126
200
200
41
200
