43
200
200
200
200
128
200
200
200
130
200
200
200
173
200
200
200
134
200
200
200
200
200
200
200
200
200
200
200
200
200
200
135
200
169
200
200
200
200
200
200
200
182
200
200
76
200
200
140
200
48
200
200
39
200
200
200
200
106
200
200
200
38
200
200
200
200
200
50
200
200
200
75
200
200
200
200
200
200
200
200
200
105
200
200
200
200
200
200
200
200
200
200
200
200
34
200
200
133
200
101
200
200
131
200
200
200
200
200
200
200
200
169
200
200
89
200
200
200
182
200
200
200
200
200
128
154
49
200
200
200
200
200
200
200
200
200
200
132
161
200
200
200
200
200
200
200
200
28
200
