200
200
200
200
200
51
200
200
200
200
200
200
200
175
200
200
139
200
200
200
200
131
200
200
200
200
200
200
200
87
200
151
190
200
200
180
200
200
106
200
200
200
200
200
200
48
131
200
200
200
200
200
71
179
200
200
200
164
200
200
200
200
177
200
200
200
200
200
33
200
200
200
200
200
152
142
200
200
200
200
200
200
200
200
152
200
145
200
78
200
200
200
200
200
200
200
200
129
200
200
200
73
200
200
180
200
200
22
59
179
123
200
200
200
200
200
136
21
200
77
200
200
134
164
200
200
200
200
22
200
131
200
200
146
200
200
165
200
200
121
200
200
200
200
200
199
200
200
200
175
