200
148
106
200
200
200
200
200
200
200
200
200
184
200
200
200
200
200
200
200
200
200
200
200
200
200
169
200
200
82
200
200
200
200
200
200
142
160
200
200
186
59
200
200
98
166
200
200
200
200
200
200
200
200
191
200
200
200
200
200
200
170
200
200
200
183
166
200
200
200
200
200
200
200
200
200
200
200
172
200
107
179
200
200
200
200
200
200
200
200
200
200
200
200
200
120
86
116
163
200
57
171
128
200
200
66
200
149
200
200
200
35
200
200
200
200
200
200
200
200
200
51
200
84
153
200
200
200
69
200
187
120
147
200
200
200
200
200
200
66
200
49
200
200
175
200
200
200
200
200
