200
200
200
200
106
200
200
200
200
200
200
108
200
200
200
200
200
200
149
200
200
98
200
200
200
200
200
200
200
200
173
200
200
200
200
200
126
200
200
200
200
110
200
200
200
200
200
96
144
200
200
200
200
200
200
200
63
170
200
120
73
200
200
200
200
200
200
200
178
78
200
200
88
50
200
113
200
200
200
50
200
199
200
200
78
200
200
111
200
200
81
200
40
200
200
127
133
25
200
200
200
200
200
125
87
148
200
111
200
200
200
156
200
200
138
200
200
200
200
200
200
200
200
200
200
200
200
130
200
200
152
200
200
195
200
200
168
200
55
200
200
200
200
196
195
200
200
200
200
200
