200
200
200
200
200
200
200
200
200
200
200
200
200
200
95
178
200
200
120
200
200
200
200
200
200
69
200
196
200
200
200
200
200
200
200
89
200
200
200
190
200
160
200
200
195
200
155
161
200
200
200
200
200
200
200
200
200
182
200
200
200
200
200
200
200
200
200
200
200
200
200
75
200
200
200
200
68
200
200
200
200
149
200
200
183
113
200
200
200
200
200
200
200
200
147
200
200
200
200
200
200
200
200
200
200
89
200
200
200
200
195
65
200
158
200
200
155
91
126
146
200
200
200
200
75
200
200
200
200
200
200
194
200
200
145
200
200
200
66
110
200
200
200
176
200
200
194
200
200
190
