200
200
200
200
44
200
200
200
200
200
200
200
200
200
200
200
200
97
96
200
200
144
200
200
200
200
200
200
184
200
125
200
200
200
200
200
200
200
71
200
200
200
200
200
97
200
200
200
200
200
200
149
200
128
200
124
92
166
200
200
200
200
200
200
200
97
200
200
200
58
200
73
168
200
200
200
53
138
117
200
158
164
200
136
46
200
200
162
182
200
200
27
200
200
200
111
200
99
200
200
200
200
200
200
200
200
154
84
200
200
200
200
200
200
200
200
200
124
144
200
200
121
200
200
200
200
200
82
200
200
200
34
200
200
200
200
157
200
200
200
83
200
200
200
200
200
200
75
200
200
