150
150
150
150
150
105
150
126
81
150
63
37
150
136
119
150
150
150
150
150
41
150
150
150
150
150
150
150
91
72
150
127
150
150
150
150
150
150
127
150
150
146
150
150
39
150
150
93
150
102
150
150
150
150
19
147
150
150
150
22
150
36
105
82
150
150
107
63
150
150
150
103
150
17
80
150
44
79
147
27
150
66
100
150
150
12
150
150
150
150
150
150
150
18
95
85
17
123
28
150
150
56
100
116
104
150
150
36
132
25
150
124
150
150
150
127
18
44
150
150
150
40
142
147
150
150
9
150
47
129
150
125
45
50
150
150
36
124
141
103
150
150
74
142
150
130
150
86
150
66
