150
150
150
150
150
150
150
150
150
150
150
150
150
150
150
150
131
150
28
150
150
150
150
150
150
150
150
147
150
150
150
150
86
33
150
150
150
150
150
28
150
59
150
150
150
150
72
150
150
150
25
150
150
150
150
150
150
150
150
145
71
84
150
150
150
150
150
82
150
57
150
52
150
150
150
150
150
106
150
150
82
150
150
112
143
93
42
150
150
109
150
84
150
126
85
150
150
113
150
150
115
85
91
74
150
150
150
104
28
22
150
25
150
150
61
120
150
71
150
150
102
135
150
150
150
150
29
150
150
50
150
150
39
116
150
150
142
28
120
150
112
70
150
150
76
73
150
150
150
150
