111
150
150
150
150
150
150
150
150
150
150
150
150
150
150
150
150
150
110
150
150
150
150
150
150
150
150
150
150
150
150
150
103
150
131
150
123
95
150
150
150
135
63
150
150
150
150
150
150
30
150
150
150
150
100
85
37
150
150
50
150
150
25
150
150
39
110
150
149
93
150
78
29
103
150
150
150
38
150
150
150
150
150
150
150
150
150
150
150
150
150
150
150
90
150
150
150
35
143
67
79
150
150
150
82
150
150
48
24
150
77
150
150
150
89
150
32
86
150
55
41
150
94
150
117
31
150
150
150
150
150
83
150
150
29
150
32
150
150
119
108
109
125
59
77
50
43
150
150
145
