150
150
150
150
150
150
150
150
150
150
150
150
150
150
132
150
150
150
150
150
150
150
150
150
150
150
148
150
97
123
150
150
150
95
150
150
150
150
150
150
150
150
150
86
150
150
94
150
150
150
108
150
118
150
150
150
144
127
150
150
150
150
150
150
150
150
150
150
113
34
34
150
150
150
108
150
150
150
46
110
48
150
150
150
150
141
126
126
150
150
111
150
113
119
42
125
43
55
46
150
150
150
150
38
150
150
150
150
150
150
150
150
150
50
72
143
150
150
150
121
97
150
86
56
150
150
150
106
96
79
136
150
150
82
150
150
150
102
150
150
150
150
31
150
150
150
150
148
62
45
