150
150
150
150
150
27
150
150
150
150
150
123
50
94
74
27
99
150
150
150
150
68
150
150
34
150
107
50
85
150
150
126
150
107
71
150
24
30
55
150
150
150
150
150
150
150
29
150
109
150
150
146
150
65
150
70
150
141
150
61
150
150
64
48
25
150
119
94
97
70
20
83
150
107
103
123
45
150
150
147
150
150
123
56
150
150
88
78
138
70
122
23
150
43
150
150
52
131
150
150
124
150
150
150
150
150
150
150
150
63
64
52
135
135
150
65
91
118
94
150
82
150
150
150
150
150
126
69
92
113
37
119
150
150
142
56
63
150
46
150
150
103
106
87
44
150
25
150
75
150
