150
150
150
150
150
150
150
117
150
150
144
21
15
132
150
150
150
150
67
150
98
150
150
150
36
150
17
150
19
150
150
150
150
150
21
150
150
150
37
150
60
150
150
77
60
86
25
150
83
150
150
150
115
102
123
150
140
150
48
95
36
150
33
49
27
12
112
96
150
121
91
150
63
20
131
150
150
29
26
36
83
71
125
77
100
114
60
150
76
150
74
47
115
115
56
16
150
150
94
57
150
150
146
72
94
62
52
121
150
130
137
88
115
25
103
59
150
150
31
128
142
82
150
70
150
64
150
135
73
150
150
150
111
144
113
35
150
95
85
16
140
79
26
150
101
68
76
150
137
100
