150
150
101
150
150
150
150
150
150
150
150
150
150
150
150
150
150
150
150
150
150
150
150
150
150
150
150
150
150
150
150
150
150
150
150
150
150
60
150
150
89
150
150
150
150
106
150
121
104
150
150
150
71
82
150
70
150
33
150
150
83
150
150
150
118
144
60
28
150
150
150
150
48
123
150
150
150
150
150
150
64
150
28
150
150
150
150
150
150
128
150
81
31
150
150
150
106
72
83
133
150
150
40
150
150
73
150
25
79
150
150
46
76
150
37
150
93
150
128
150
150
150
131
150
82
150
150
48
137
78
150
150
149
95
32
150
150
31
150
150
150
69
150
68
150
150
150
150
71
22
