150
150
150
150
150
150
150
48
150
36
150
150
150
72
27
128
47
129
150
148
150
70
150
101
68
150
138
150
51
150
150
47
150
150
47
150
121
150
71
150
96
127
150
128
89
150
13
150
38
150
38
150
150
128
144
150
150
150
42
118
150
150
150
150
80
150
10
150
110
150
150
150
150
150
35
107
150
150
83
109
26
150
13
150
150
150
150
58
61
69
90
64
20
131
84
50
150
137
64
50
150
150
37
106
150
150
150
95
58
150
150
114
150
150
17
123
150
140
150
109
23
64
150
13
35
30
98
150
150
150
111
76
150
28
150
103
150
150
37
150
95
150
67
150
69
150
18
60
133
150
