150
150
150
150
150
150
150
150
150
150
150
150
150
150
150
117
150
150
134
150
150
150
150
122
150
114
42
43
150
150
46
27
150
49
150
150
150
120
150
150
150
150
150
150
90
64
150
85
115
79
80
116
39
16
120
56
68
150
150
143
150
56
89
58
55
91
150
34
82
124
150
51
150
68
54
123
149
150
150
74
51
150
33
115
150
131
68
47
27
139
89
66
23
81
63
47
21
150
49
48
29
64
42
42
33
150
60
73
24
150
150
125
56
150
142
109
39
150
105
133
96
129
14
45
150
150
20
150
150
30
89
130
27
141
87
13
57
64
78
82
106
64
142
16
90
29
100
87
44
34
