150
150
95
127
150
55
150
150
150
150
34
45
150
150
150
150
150
53
150
63
150
70
91
150
150
105
39
108
96
65
150
150
150
150
46
47
150
150
150
114
150
102
102
50
150
150
85
116
150
29
150
150
150
45
150
29
150
107
150
150
150
150
80
24
95
150
150
150
141
49
150
150
150
150
150
33
97
150
25
150
77
34
88
150
41
30
87
70
35
65
38
150
84
64
119
150
150
150
150
94
150
150
43
150
150
61
43
21
65
150
86
85
150
150
66
38
34
139
28
62
89
150
150
78
150
46
91
69
95
150
150
30
25
76
42
150
57
150
49
114
150
150
150
85
147
127
150
150
150
150
