150
100
150
150
80
150
40
150
150
150
150
150
118
64
150
92
115
150
95
150
34
76
150
76
22
150
146
76
150
85
119
117
150
114
150
68
150
64
69
133
78
90
73
26
150
33
67
150
150
106
36
52
150
150
44
106
150
121
54
150
107
70
110
30
123
55
73
103
59
29
132
21
92
31
115
135
59
114
150
33
28
134
150
150
97
73
46
31
150
103
15
79
35
10
17
113
18
117
84
31
73
150
150
140
45
29
150
46
68
150
147
146
150
69
11
108
115
34
88
68
84
150
150
28
150
132
68
33
122
107
150
68
22
83
65
47
58
142
150
134
22
150
40
84
53
102
45
147
50
36
