150
150
150
150
150
150
150
150
150
150
56
150
65
150
135
150
150
150
150
150
150
150
150
104
150
150
150
150
150
131
150
150
150
150
150
150
150
150
150
150
114
150
150
57
150
150
147
150
60
150
76
68
150
150
150
150
150
71
99
150
150
150
150
150
150
67
110
145
150
56
150
150
150
150
150
150
150
137
150
144
104
45
147
110
150
52
112
109
97
30
150
141
102
150
150
75
150
122
150
150
56
84
115
116
150
24
64
22
150
150
150
123
150
150
106
150
150
82
144
139
132
111
150
150
150
150
53
150
150
109
90
101
130
150
55
35
36
150
59
149
135
90
71
92
130
74
40
150
150
92
