150
150
150
150
133
150
150
150
124
150
150
118
150
150
150
43
126
150
150
150
104
63
150
150
69
23
29
57
150
150
111
150
150
53
150
78
94
27
127
21
61
54
150
58
36
90
45
84
150
150
74
150
150
60
125
150
150
150
150
128
150
33
47
79
150
63
150
22
41
150
108
136
90
150
150
63
144
24
80
150
150
94
125
15
51
116
150
25
23
150
115
34
150
66
124
150
150
107
67
129
130
97
35
138
150
150
150
150
55
139
98
101
150
54
150
126
34
150
150
150
47
99
150
150
57
51
150
107
150
92
66
113
91
52
118
150
150
136
102
150
135
91
41
60
150
136
146
150
35
150
