150
57
150
150
150
150
150
150
70
150
150
147
150
150
150
150
150
150
74
150
150
150
150
150
150
150
150
150
150
150
150
150
52
86
150
56
150
69
150
31
80
150
150
150
56
150
60
96
150
25
150
66
12
113
29
150
150
102
14
51
150
150
150
70
150
150
69
150
58
44
150
75
150
54
150
150
150
127
38
150
139
150
150
139
24
150
28
34
79
71
150
96
141
150
80
35
150
150
27
150
150
150
38
136
150
79
126
150
97
150
72
81
84
141
150
19
59
150
150
150
47
107
20
94
150
33
150
150
32
150
139
71
150
131
42
150
150
23
61
100
44
43
100
150
39
67
150
101
150
97
