106
150
40
150
41
150
82
34
45
50
150
45
109
108
54
150
150
149
150
72
150
150
34
62
133
133
150
150
101
150
150
150
150
88
95
141
104
150
124
60
150
39
103
26
150
150
76
150
150
150
150
17
150
35
150
111
150
150
103
88
150
150
79
92
74
71
11
117
126
21
150
150
88
100
60
44
113
43
102
87
116
150
150
9
69
11
19
31
88
100
35
43
22
150
150
61
40
150
32
30
35
150
74
150
123
45
127
109
36
33
74
28
150
150
47
150
123
150
150
76
101
81
95
150
46
85
31
150
145
83
150
41
92
68
150
46
68
116
61
85
114
150
12
150
150
56
27
150
42
17
