150
47
150
150
150
150
62
26
150
60
150
132
117
150
38
150
100
42
150
61
89
71
150
150
47
150
95
29
150
50
143
15
97
144
14
150
82
150
57
144
54
54
62
120
48
47
140
81
150
12
118
109
101
150
150
55
22
63
150
16
43
150
62
118
74
57
150
41
110
34
84
30
150
32
122
78
77
33
127
150
146
29
56
87
22
150
98
58
70
150
97
84
144
150
38
93
30
14
62
123
150
12
150
122
142
104
117
150
57
25
150
95
100
77
37
44
36
150
21
61
114
137
60
150
122
150
28
31
12
41
80
150
23
61
150
35
21
22
150
48
17
53
150
150
33
150
60
150
150
42
