93
150
150
146
150
150
150
126
150
57
76
150
150
150
150
109
23
150
102
150
95
150
37
150
132
38
150
63
150
43
146
150
150
150
150
57
150
127
60
50
38
87
144
150
150
150
150
92
54
44
12
150
150
114
150
36
150
64
93
150
31
109
150
64
134
41
35
74
87
150
119
27
14
150
87
33
150
150
18
150
131
150
81
79
33
150
150
129
13
150
13
46
70
21
150
61
63
148
150
131
150
28
150
150
52
111
34
150
33
150
132
26
109
103
86
150
150
148
23
116
124
150
93
150
92
18
130
52
150
136
150
72
10
150
150
150
83
59
27
122
150
16
62
119
150
114
150
44
37
150
