150
134
150
150
150
150
147
150
150
150
150
150
150
150
150
150
150
150
150
150
150
150
145
150
150
150
150
65
150
82
150
135
150
95
26
97
89
150
122
150
117
65
112
52
41
150
150
47
150
34
62
150
41
110
70
150
150
27
141
150
150
150
40
150
92
150
150
39
115
150
150
150
150
34
125
40
27
72
47
150
150
90
150
77
150
117
39
115
58
21
150
150
141
14
150
150
69
57
139
126
118
79
88
150
150
128
133
20
150
19
150
150
66
90
150
150
10
150
136
94
105
47
76
142
139
137
50
103
20
150
63
150
26
30
150
123
65
66
150
102
88
53
87
72
150
135
150
48
41
150
