150
150
150
125
150
70
61
150
150
150
43
33
150
150
59
57
150
41
86
150
150
44
150
108
150
37
38
21
21
46
53
150
56
150
144
150
82
25
150
22
74
150
110
150
37
150
140
150
150
22
150
123
150
120
150
146
99
18
78
95
150
150
150
95
82
150
150
139
150
17
70
68
134
64
49
150
114
74
23
110
79
149
43
150
146
33
74
25
22
68
99
131
56
150
40
28
35
150
42
44
73
74
150
49
150
150
150
150
150
13
23
150
27
103
150
150
70
150
101
116
11
123
150
85
60
14
138
34
51
80
89
150
150
124
41
38
150
61
52
25
58
150
74
150
135
150
77
150
58
16
