137
150
73
150
150
98
123
150
73
150
150
150
72
64
150
147
49
150
64
113
112
121
24
150
150
43
84
25
91
87
15
150
17
32
150
34
51
66
150
150
87
150
70
93
89
15
81
148
116
100
90
70
42
19
25
150
60
43
67
57
107
69
50
131
55
124
42
57
85
150
150
61
150
34
81
89
150
109
78
62
150
139
35
67
98
31
104
51
70
150
30
150
60
150
64
84
56
150
38
107
25
32
150
40
54
33
78
117
144
39
31
90
73
64
46
73
64
19
47
41
10
150
150
15
46
37
68
48
46
8
86
150
43
150
27
74
150
105
40
17
141
85
30
48
131
35
64
48
78
26
