150
150
45
150
88
150
80
150
150
150
150
131
150
102
150
150
141
150
150
150
124
150
150
17
150
150
150
150
150
102
67
100
150
18
150
150
75
118
150
150
150
27
150
34
30
150
150
52
150
150
101
150
150
135
30
149
150
24
74
139
65
96
53
52
150
18
83
150
144
32
24
140
51
150
150
150
38
98
150
24
11
144
150
52
42
22
76
18
90
24
150
150
37
150
150
150
70
150
136
76
124
150
150
95
133
19
38
48
33
73
150
75
150
146
76
99
150
73
150
45
37
150
150
150
150
149
108
132
59
91
100
99
150
72
150
60
47
150
16
150
150
68
150
71
62
135
150
119
95
150
