150
150
150
150
150
150
150
150
150
150
150
150
150
150
150
150
150
150
150
150
150
150
150
141
150
150
150
35
106
17
101
150
150
34
150
150
150
150
150
150
150
150
150
150
17
83
147
150
130
150
84
150
150
33
150
150
28
150
93
150
150
51
25
21
94
150
136
83
150
150
150
21
150
79
103
150
98
108
150
150
150
94
39
150
102
110
13
92
150
150
150
74
131
41
150
15
146
150
104
45
45
126
150
32
58
150
79
150
150
150
53
150
21
150
54
150
150
150
36
54
81
150
150
121
60
114
150
79
28
47
150
102
124
150
26
150
49
56
21
76
150
46
150
150
150
150
68
150
150
150
