150
150
150
150
150
150
150
150
150
150
150
94
150
150
95
150
150
18
94
122
150
150
113
150
150
81
22
150
59
85
150
150
150
83
150
148
150
111
150
140
150
150
83
57
150
150
80
88
67
122
150
76
123
150
150
93
147
150
53
150
150
104
54
150
126
116
60
120
150
84
150
150
113
150
91
86
150
95
150
150
150
25
39
150
41
102
81
150
150
124
150
115
120
150
150
59
150
150
150
150
87
76
141
32
79
150
73
150
150
150
150
150
37
103
150
138
150
150
59
150
30
150
150
72
112
150
18
97
28
23
33
150
83
150
109
102
150
150
150
150
150
150
89
118
114
47
115
150
32
150
