150
150
150
150
150
150
150
150
150
150
150
139
150
150
150
150
150
150
150
97
150
150
150
150
150
150
150
46
70
150
150
142
143
150
150
33
150
150
88
25
88
150
150
95
150
83
150
134
150
150
150
45
150
93
69
150
37
150
59
22
146
150
43
18
150
150
103
150
144
66
150
150
150
150
150
30
37
48
22
150
48
150
150
64
104
35
72
150
40
36
43
150
28
150
150
150
52
150
85
140
150
115
150
41
86
150
129
41
150
39
57
150
75
150
92
150
21
150
150
150
69
150
37
27
126
150
150
150
44
75
25
30
30
48
25
68
60
61
43
84
150
31
56
120
150
49
150
122
64
150
