150
150
78
150
150
150
14
24
150
100
72
28
150
150
150
150
21
150
150
37
150
150
102
122
150
150
40
150
55
133
150
150
74
150
67
76
150
150
139
150
150
74
22
150
150
150
100
150
111
94
75
150
150
77
150
150
98
150
28
150
150
68
115
64
150
82
150
150
54
150
32
150
30
150
150
150
150
55
150
36
53
150
76
150
76
21
150
47
27
150
150
150
99
105
150
150
150
73
42
150
65
150
126
150
150
143
150
47
62
150
72
150
150
133
101
123
150
95
30
44
100
109
95
83
111
69
150
27
150
150
10
50
17
61
149
20
22
150
137
144
150
150
82
132
150
150
14
108
150
150
