71
150
150
150
140
150
150
98
150
150
139
150
23
150
150
114
150
146
150
150
59
75
100
30
150
84
49
128
150
150
150
150
62
150
150
40
23
150
150
87
57
127
150
52
150
150
36
150
150
150
150
150
150
150
124
150
150
115
150
127
150
49
150
150
51
57
137
137
18
150
39
150
150
150
150
65
150
150
150
150
87
52
150
39
150
107
150
37
106
150
150
95
28
150
32
57
150
96
136
150
147
150
150
30
77
73
150
101
37
150
150
150
52
113
50
119
150
31
55
42
150
150
104
22
150
33
29
150
150
150
92
129
150
68
117
144
150
150
53
110
150
40
62
82
150
150
150
50
30
78
