150
150
150
150
150
66
109
150
129
95
146
150
123
150
79
150
60
150
111
150
120
108
52
60
17
150
63
144
150
137
141
69
150
119
150
150
150
62
150
150
150
41
125
30
150
150
76
150
150
129
142
150
55
150
150
150
52
116
122
95
150
150
150
150
140
69
130
59
150
150
150
108
15
15
22
36
103
88
95
34
66
47
150
150
150
101
150
30
41
150
143
103
61
40
57
117
150
106
72
83
146
123
150
82
141
127
104
81
119
150
150
150
117
150
23
42
14
150
113
28
69
113
81
31
64
21
11
150
75
150
25
95
25
16
29
97
58
114
93
136
36
96
23
92
85
133
57
45
150
71
