150
150
150
150
58
150
150
150
150
150
150
150
133
150
150
100
56
150
65
150
150
150
150
123
150
150
150
103
150
89
76
114
150
24
150
43
79
150
17
82
150
111
84
93
104
64
21
150
28
150
36
41
85
150
90
27
150
57
98
20
55
150
98
13
94
82
66
55
150
18
19
104
150
128
19
150
31
50
150
20
97
61
91
122
150
16
94
150
33
150
150
69
86
78
80
51
150
92
136
150
56
150
99
66
58
150
53
150
67
81
30
150
150
136
26
63
150
150
84
30
101
17
30
150
52
42
150
145
27
44
150
150
144
78
122
150
78
95
27
150
150
69
51
18
150
26
22
41
73
150
