124
150
46
125
150
55
150
150
150
36
150
150
147
150
92
150
150
110
150
96
150
150
111
108
43
68
150
150
133
30
20
135
134
150
150
99
150
97
139
65
25
150
131
63
67
132
150
57
86
150
121
150
36
150
32
25
150
42
130
150
150
79
41
150
150
150
150
49
47
71
144
70
113
27
83
71
150
150
150
58
25
54
29
34
150
85
133
150
45
88
60
127
150
150
57
56
150
150
104
150
111
54
29
114
150
62
58
66
150
43
73
98
150
16
150
63
31
150
37
27
150
150
99
150
140
89
113
150
136
34
150
53
150
52
150
150
51
77
71
57
85
111
37
88
79
109
150
119
150
89
