66
150
150
150
150
150
150
150
150
110
12
18
89
42
55
130
28
23
28
64
150
104
16
150
63
59
150
26
98
150
106
127
129
21
35
150
24
150
142
102
48
102
150
103
150
69
68
150
57
150
74
53
117
87
150
52
19
119
150
150
82
150
16
150
150
55
150
56
137
150
36
150
22
57
129
150
132
30
27
150
143
150
150
91
150
82
115
148
128
47
92
150
38
150
126
82
150
150
150
150
150
75
150
150
47
110
105
76
150
67
79
74
76
149
150
150
88
39
66
150
150
150
77
87
25
45
27
128
150
150
150
150
54
69
150
150
150
150
136
129
114
59
29
45
51
49
26
150
141
58
