23
36
150
150
150
150
150
150
150
150
150
150
150
150
150
137
150
68
150
150
144
150
100
150
68
150
150
150
97
150
150
150
150
150
67
150
150
150
150
150
150
150
78
150
150
150
150
150
150
82
64
150
92
150
69
150
148
85
120
150
141
150
150
150
150
150
150
100
94
84
105
150
150
150
126
50
150
93
150
40
104
24
28
98
147
53
150
150
58
150
147
76
112
150
118
150
150
133
132
150
87
150
150
76
150
150
150
150
57
95
93
124
51
55
94
150
29
150
75
114
68
150
68
95
20
113
122
150
124
150
150
37
150
122
108
131
150
55
130
27
150
150
48
45
109
150
150
81
150
150
