150
150
116
150
150
150
150
67
144
150
150
150
124
83
150
150
116
150
150
132
121
57
150
62
57
74
150
118
150
38
107
19
150
18
150
132
150
24
52
16
52
48
129
67
150
150
56
150
150
108
102
150
67
67
36
16
35
108
128
45
122
57
150
35
68
11
15
28
52
98
48
150
20
54
38
150
150
29
21
40
141
25
81
51
150
72
129
49
27
34
11
33
17
78
14
19
23
150
38
78
67
9
21
82
19
49
26
143
18
150
74
37
18
9
143
126
141
106
97
29
67
31
42
150
79
42
118
34
78
31
35
148
43
55
44
48
20
22
150
22
66
44
37
45
71
150
34
53
150
137
