150
150
150
150
92
92
150
150
150
83
150
150
47
150
150
105
150
140
59
150
150
14
64
150
150
150
150
35
150
150
89
90
111
128
29
150
125
62
150
150
83
108
150
50
11
72
150
150
150
49
150
113
150
82
15
130
28
150
28
150
150
117
31
34
106
106
31
150
150
150
150
150
124
72
87
65
48
145
32
150
41
150
49
150
68
150
60
150
58
89
116
150
150
150
10
150
150
150
53
82
120
150
48
150
106
78
150
150
150
44
56
150
150
85
150
150
105
125
150
28
61
54
83
150
150
90
150
150
150
57
139
150
80
150
150
129
52
44
150
150
76
150
63
88
150
150
150
150
150
116
