150
150
150
150
150
150
150
150
150
150
150
150
150
150
150
150
150
150
150
150
104
150
150
117
150
150
150
150
123
150
150
150
150
150
150
150
150
150
24
150
150
26
72
115
150
150
150
150
150
150
47
146
74
60
58
150
150
101
150
72
150
150
127
150
114
75
24
111
150
150
133
150
136
150
89
150
150
150
150
76
150
150
93
58
75
150
105
150
150
150
150
150
150
35
150
105
150
150
67
137
150
150
150
150
89
95
150
65
150
118
150
150
66
130
150
25
83
150
12
120
137
31
35
77
110
87
33
150
150
101
150
150
150
46
150
108
83
67
94
44
129
65
150
150
150
150
150
109
150
150
