61
79
150
150
150
150
150
150
66
98
123
150
150
25
150
150
150
98
130
150
91
150
115
49
150
145
150
78
45
150
150
150
150
16
150
150
150
104
150
74
89
119
150
116
17
149
150
150
64
119
150
150
116
44
25
150
84
31
16
118
111
150
150
54
145
135
150
113
127
150
73
92
150
22
40
80
130
125
122
150
150
150
111
28
36
119
70
150
53
92
109
150
72
19
58
150
150
54
150
112
116
42
12
150
19
131
87
142
36
55
66
150
52
50
150
110
17
150
87
86
106
22
93
54
19
150
150
29
59
136
131
93
134
97
148
24
80
105
150
150
30
150
49
31
98
68
23
87
85
32
