150
150
150
99
150
150
150
90
49
150
125
37
56
150
150
111
22
150
75
65
150
150
150
150
17
150
150
150
117
63
150
47
47
150
150
150
150
78
118
150
58
64
150
150
150
150
150
150
150
127
150
150
30
150
150
46
150
150
50
150
74
140
150
119
49
62
150
32
31
39
90
99
36
150
52
27
150
150
27
58
150
41
150
75
75
150
142
121
148
26
15
68
117
37
142
91
150
26
150
150
33
150
150
35
106
84
150
150
150
96
40
150
67
150
84
150
20
147
150
84
150
59
31
55
10
142
75
137
74
80
67
141
150
32
101
55
81
150
66
65
150
150
32
60
86
109
29
23
95
133
