150
131
150
150
150
150
150
150
62
78
150
150
125
150
150
150
150
67
150
150
149
150
150
150
150
60
150
150
119
150
150
150
60
70
111
150
150
96
150
150
89
150
150
150
58
150
150
150
150
122
150
150
150
28
150
116
150
66
44
150
150
150
150
143
150
150
81
134
150
150
74
150
102
150
150
150
150
150
150
150
140
150
130
48
118
150
150
150
150
150
30
150
150
150
31
29
22
150
39
150
150
150
124
150
150
150
26
150
150
92
150
150
150
40
150
150
150
43
150
51
56
150
150
46
99
150
59
36
11
148
83
127
150
56
41
110
132
26
87
150
120
150
79
135
12
75
150
39
29
34
