150
150
150
150
150
104
150
150
150
150
126
56
150
135
150
150
150
124
81
51
150
150
33
150
115
150
150
150
63
150
150
150
97
150
150
150
150
143
34
117
150
150
150
12
150
89
129
68
150
39
85
150
150
150
150
150
76
150
18
128
77
150
150
51
150
150
138
88
28
150
45
24
40
150
55
73
124
150
112
150
150
150
150
150
150
54
150
21
74
150
150
52
127
88
150
134
37
48
150
85
92
150
23
104
123
90
150
150
106
38
150
150
28
87
27
96
64
139
56
39
48
53
57
41
43
83
72
61
29
72
93
85
124
15
18
78
38
150
64
18
52
150
16
68
150
49
146
49
150
150
