150
150
104
150
146
150
150
150
150
150
144
150
150
84
150
150
84
150
29
150
80
23
150
150
150
149
150
150
31
150
113
150
123
150
35
59
81
123
120
22
150
62
63
91
13
150
150
121
150
75
50
109
150
118
25
150
80
150
150
27
108
56
150
85
73
150
48
38
15
59
134
150
84
150
26
150
118
150
99
150
150
35
99
13
129
150
32
53
41
57
57
71
124
87
63
108
109
18
64
32
150
106
74
25
76
150
36
150
46
47
129
73
43
43
37
113
77
41
52
28
44
73
37
123
47
15
140
59
134
65
16
150
22
35
147
83
25
67
106
43
150
19
101
17
81
17
109
68
46
17
