150
45
150
90
51
150
150
150
150
45
150
150
150
134
52
82
150
150
150
150
150
150
91
150
150
150
150
150
150
110
90
150
90
150
150
150
36
150
150
48
102
150
72
62
39
150
48
150
150
35
150
44
21
90
149
150
95
150
86
150
108
150
150
122
118
150
150
150
150
150
150
150
74
14
144
39
44
150
125
150
72
74
93
150
126
138
150
56
150
36
39
87
34
150
140
150
36
24
110
30
71
65
150
41
71
78
143
117
67
147
150
113
113
30
67
150
52
134
150
65
68
77
62
94
71
70
150
50
77
59
92
39
73
150
91
73
123
94
43
55
57
70
18
97
55
66
19
34
53
71
