150
150
120
150
150
102
122
150
150
88
150
43
150
150
150
150
37
150
100
81
52
79
21
34
150
139
52
150
150
106
51
28
93
150
87
97
150
59
73
63
150
118
150
150
150
35
150
148
23
96
58
150
76
46
124
150
150
150
72
150
22
42
150
102
120
52
40
24
130
150
55
49
75
150
145
148
150
48
123
72
150
47
150
150
118
46
130
85
150
150
99
62
150
46
46
51
14
91
82
150
75
24
55
65
18
150
60
150
150
150
32
30
105
64
101
150
84
111
96
84
150
150
150
139
57
108
150
53
150
150
111
150
31
96
150
150
96
150
150
41
117
44
64
46
98
150
111
105
109
67
