150
150
150
83
150
150
150
125
150
30
67
150
150
75
150
150
91
49
150
150
88
150
97
150
150
45
43
128
42
110
150
41
22
150
150
150
150
150
54
150
120
150
150
41
150
139
150
150
47
94
150
150
136
116
67
150
119
76
79
89
150
104
56
150
59
148
144
150
150
46
150
102
140
116
150
122
150
119
39
150
150
21
82
33
150
150
8
77
38
150
150
112
24
57
150
48
74
84
150
40
131
111
150
37
135
28
150
150
59
150
56
150
150
150
150
67
40
36
150
22
35
150
109
150
51
60
150
146
150
87
150
27
49
15
35
69
26
44
36
49
117
150
90
110
62
80
105
48
45
14
