150
150
150
150
150
150
150
150
150
150
150
150
89
150
40
150
150
41
150
150
150
150
150
150
150
150
150
82
140
150
44
150
150
150
150
102
101
43
21
57
150
150
150
150
150
150
46
114
150
89
105
88
69
79
150
125
135
150
53
40
150
125
150
150
55
143
150
15
37
150
70
150
7
25
21
75
27
150
65
150
20
34
150
73
55
114
50
150
150
28
150
104
132
93
150
111
48
134
118
48
93
30
130
65
126
60
102
17
14
68
150
150
150
98
150
44
35
108
134
150
39
22
36
64
150
73
85
120
91
150
100
123
64
145
17
45
86
135
150
123
20
150
150
48
78
80
40
148
87
150
