150
150
150
150
99
150
91
146
62
150
102
128
23
150
150
59
150
150
150
99
48
27
150
150
150
106
87
55
118
150
41
150
150
150
150
78
150
47
150
122
150
150
122
63
150
150
108
150
140
150
144
114
143
91
150
57
125
36
150
150
14
40
150
82
73
56
95
27
25
150
150
20
22
52
106
137
150
60
43
80
150
77
150
54
44
56
150
150
77
22
150
71
150
150
150
94
101
83
150
81
109
116
108
21
137
24
31
150
150
150
61
150
150
150
144
150
150
92
23
150
17
150
42
114
83
150
121
23
150
95
150
150
21
150
150
150
150
65
150
150
135
29
150
150
150
150
126
39
144
150
