150
150
150
150
150
150
150
62
150
150
31
40
150
150
150
150
150
150
140
150
21
150
150
150
150
150
150
60
150
150
150
150
150
150
150
63
16
150
150
40
62
138
150
57
150
150
145
150
149
150
150
150
106
150
150
150
87
103
48
150
150
150
150
142
150
51
150
100
150
150
150
150
62
27
135
150
82
150
141
132
52
150
150
101
150
150
142
150
150
150
150
150
150
31
143
47
150
33
150
71
138
150
150
132
81
150
150
150
150
150
38
150
21
150
150
38
150
111
150
59
150
69
50
150
72
150
43
150
20
150
150
56
99
113
134
30
86
28
118
75
150
150
44
139
122
150
149
69
114
150
