150
150
150
150
150
150
83
125
121
150
150
116
150
150
103
150
150
150
94
150
150
150
150
150
150
101
123
150
150
68
91
142
130
150
150
22
67
124
150
114
46
150
68
150
99
150
150
150
137
150
108
150
63
150
150
37
39
100
18
150
150
13
14
85
42
150
150
26
150
61
77
149
129
150
39
103
150
150
91
150
150
13
66
150
96
31
47
43
150
15
119
124
14
150
49
150
150
129
47
61
19
124
150
44
66
150
150
52
150
33
150
110
139
119
150
150
133
150
14
150
150
150
44
59
150
129
43
81
150
136
131
150
116
22
36
23
77
150
48
96
37
59
150
20
130
150
71
150
150
150
