150
150
150
150
150
150
150
115
81
150
150
150
150
150
150
125
150
150
150
150
77
150
150
124
82
67
61
96
150
142
49
23
150
150
150
150
150
150
105
150
150
48
150
150
150
78
36
150
150
150
150
150
92
150
150
150
97
150
86
150
150
150
150
20
150
150
57
150
150
150
150
150
35
86
99
114
150
150
150
150
115
117
127
92
150
105
150
150
21
150
53
150
65
36
99
59
63
140
150
144
91
150
75
150
106
150
53
63
72
150
61
102
150
150
150
37
53
150
150
144
88
150
150
84
76
137
150
150
150
57
127
98
150
150
106
68
118
118
10
150
111
150
150
77
150
34
150
85
112
150
