78
45
150
140
65
150
150
118
137
61
114
150
150
150
130
150
150
71
63
150
61
11
23
150
105
150
150
132
21
45
70
150
22
109
32
150
27
150
106
150
60
113
43
47
16
44
56
48
150
68
51
77
19
101
44
66
150
54
22
150
9
97
54
41
27
150
49
107
53
142
95
143
22
21
150
150
38
65
21
51
150
150
79
58
48
68
150
25
36
51
146
101
150
150
74
9
150
49
150
45
19
146
97
150
84
136
150
65
45
150
31
86
150
150
17
137
40
65
150
150
150
52
36
76
150
56
19
133
120
101
53
46
120
150
91
98
150
112
93
81
108
70
50
48
50
13
94
38
118
50
