23
62
49
200
112
95
49
200
81
170
200
29
60
68
171
102
192
182
200
54
49
47
26
44
200
200
147
200
29
187
34
200
200
200
116
200
200
145
61
48
131
200
18
44
200
88
179
17
75
200
200
92
148
155
41
200
200
100
200
93
200
67
167
116
121
200
38
103
77
97
15
116
68
200
97
200
53
164
200
168
125
194
138
22
200
200
90
200
15
40
71
90
125
200
200
56
112
35
9
36
55
101
134
104
36
32
200
24
200
94
76
40
58
16
35
119
28
64
33
82
76
54
9
17
29
15
145
31
30
71
38
12
113
140
11
40
34
40
36
55
16
27
60
66
9
153
83
27
60
28
