200
200
200
200
200
200
200
200
200
198
127
200
200
200
163
200
200
200
200
44
62
200
200
200
200
200
200
200
200
90
190
200
27
31
147
200
58
176
200
200
68
200
143
15
200
200
200
200
82
82
32
45
73
92
36
200
178
136
200
200
42
108
68
77
169
33
117
200
99
200
56
132
72
200
200
31
27
170
200
200
155
70
200
117
104
27
70
49
48
95
136
67
22
26
29
42
26
133
29
16
15
13
65
25
14
13
39
36
131
17
97
52
11
21
42
26
15
49
13
18
19
19
20
22
19
12
16
26
15
62
35
40
22
24
70
19
27
17
25
18
36
36
34
18
29
18
19
19
16
51
