200
200
200
200
200
200
200
200
200
53
97
200
200
200
200
200
200
200
200
200
200
200
200
200
200
200
200
200
144
200
200
200
200
200
200
200
200
200
200
200
200
200
200
200
200
200
200
200
200
200
200
87
200
200
200
200
200
200
24
200
200
74
200
200
200
200
200
200
200
200
61
200
200
200
200
13
200
200
200
200
200
70
200
200
200
200
200
200
200
200
200
200
72
200
200
200
200
200
20
200
200
200
107
200
174
68
149
200
200
200
16
164
140
200
187
97
200
199
200
200
55
90
200
130
200
200
69
59
102
95
200
20
66
104
65
200
146
54
63
50
11
16
74
65
33
41
44
14
200
15
