200
39
200
200
108
200
200
200
200
200
200
78
46
67
200
200
35
200
43
24
124
165
188
200
200
58
104
125
200
143
72
200
25
164
120
200
28
125
39
142
200
138
53
200
20
34
16
16
112
46
101
39
24
123
200
116
180
22
113
66
146
31
54
32
97
119
180
33
134
91
41
102
112
117
200
56
25
25
58
94
77
39
42
19
59
125
18
37
56
29
185
62
23
37
21
30
31
19
44
81
52
20
20
20
89
28
53
43
26
44
25
66
162
34
10
102
21
39
12
27
17
13
14
10
98
23
56
15
30
62
16
43
26
14
51
13
41
16
11
45
14
68
12
76
83
20
79
14
11
17
