200
98
200
200
200
44
88
89
200
200
155
48
36
130
30
184
36
128
156
36
166
200
65
178
200
200
25
33
45
129
21
200
200
82
134
86
200
200
200
98
71
40
200
200
200
200
200
200
200
200
200
200
200
200
200
200
200
200
200
200
200
200
200
200
200
200
200
200
200
200
200
200
200
200
200
200
200
200
200
200
200
200
200
200
200
200
9
23
18
31
200
20
125
16
14
11
52
76
20
21
15
65
56
16
70
58
31
15
85
115
16
13
19
29
22
15
21
45
38
28
15
30
13
13
25
22
78
18
25
49
19
38
24
40
47
25
64
21
56
30
16
15
22
37
9
25
26
16
116
52
