200
200
200
200
200
200
200
200
200
200
200
200
150
200
200
147
200
200
123
200
200
111
185
200
121
131
78
68
200
166
104
45
200
30
200
149
180
122
200
130
200
200
116
173
89
26
50
200
87
200
155
35
45
140
127
18
200
107
30
133
114
62
58
59
28
115
33
131
116
42
37
142
28
46
200
25
97
200
88
180
145
16
55
35
182
190
51
84
38
36
12
86
71
89
61
90
124
38
103
38
46
15
45
46
17
111
27
54
69
29
25
36
19
30
59
31
30
23
15
18
21
23
14
38
20
18
27
21
21
36
46
18
21
17
45
45
56
18
86
16
14
22
14
20
19
31
16
28
42
44
