200
76
55
18
27
43
200
64
104
45
200
200
151
112
149
200
63
200
73
200
117
138
200
200
190
56
123
153
141
200
200
200
200
200
200
200
200
54
28
67
26
171
200
200
200
142
200
72
200
24
200
84
96
17
72
200
200
200
67
57
200
75
60
66
107
30
24
200
22
168
200
34
200
57
200
25
200
200
89
83
18
70
200
69
199
40
195
14
73
29
52
145
96
40
51
14
14
103
107
32
30
61
20
23
39
69
35
52
15
89
82
116
87
12
156
37
125
12
80
22
40
14
17
25
21
54
106
27
22
38
58
35
15
19
33
20
18
45
14
17
36
16
62
22
15
11
11
36
17
17
