200
200
126
196
200
200
200
200
200
134
158
200
35
83
87
200
149
200
16
102
88
200
24
200
52
125
200
61
200
200
89
91
166
200
200
135
200
200
200
116
200
195
127
53
200
200
95
69
200
200
58
200
63
200
200
200
200
200
200
200
200
200
200
200
200
200
200
200
200
200
200
200
200
200
12
113
67
97
46
41
200
200
34
73
200
200
66
200
38
200
39
24
29
24
44
43
200
25
111
72
200
31
54
150
31
33
54
16
161
200
15
53
18
31
30
25
18
17
64
34
25
31
39
33
19
37
30
25
19
20
32
28
20
22
55
15
54
39
21
35
23
17
23
40
81
20
38
32
24
40
