200
200
196
200
200
200
200
71
171
200
200
40
151
164
200
139
200
200
147
72
200
200
195
200
200
37
200
109
200
200
99
200
200
200
115
200
152
49
93
38
200
129
90
200
59
110
200
174
96
200
64
108
57
200
150
78
200
88
200
49
93
200
122
98
45
120
127
152
120
200
71
50
200
63
200
68
200
132
51
200
21
200
200
134
200
145
46
76
200
180
49
31
24
200
66
200
200
40
27
131
145
42
92
70
13
53
30
200
109
47
79
42
22
38
75
32
76
68
50
97
33
200
56
24
65
75
86
28
29
35
35
32
200
193
110
83
171
15
53
46
76
200
166
45
42
78
93
130
46
47
