200
157
200
200
188
27
125
114
109
83
200
118
84
200
200
104
139
200
200
200
120
200
200
200
102
92
166
200
144
86
49
25
145
113
64
200
200
200
200
183
200
200
200
130
200
26
127
131
200
200
200
200
173
200
200
200
200
196
200
200
200
200
200
200
200
200
200
200
38
200
200
200
200
200
200
200
200
200
200
200
200
200
200
174
200
200
200
46
73
200
200
200
200
200
200
200
200
94
200
200
200
200
200
43
200
26
200
45
200
200
28
200
200
200
200
200
200
200
200
200
200
200
200
200
200
200
200
58
200
200
56
130
120
73
25
63
100
130
22
45
84
68
140
22
41
200
80
148
24
140
