166
200
188
200
200
200
124
200
49
200
200
200
200
200
146
200
200
200
200
200
200
35
200
62
200
200
200
114
200
200
200
200
32
200
200
200
200
200
200
200
200
64
200
200
200
200
200
200
200
200
200
200
200
200
200
200
200
200
200
200
200
200
36
200
29
200
200
200
200
200
18
200
200
200
200
200
200
200
200
51
200
200
200
49
200
200
200
200
200
200
200
200
200
200
200
52
200
200
200
200
200
200
200
200
200
200
53
200
25
35
200
151
52
200
44
59
64
65
24
200
184
115
117
148
200
91
48
97
72
51
60
114
171
200
25
36
13
39
45
51
19
44
68
200
62
179
28
25
53
36
