200
200
200
200
200
38
200
200
200
200
165
200
58
200
200
200
34
200
180
200
171
103
166
200
200
131
80
200
200
200
200
200
200
97
134
34
95
200
64
200
66
200
57
128
200
200
176
37
100
116
200
200
163
116
200
101
200
56
75
162
200
154
119
200
132
142
200
200
200
200
200
84
200
200
45
200
44
75
90
147
200
135
63
93
200
138
34
66
48
29
123
36
113
47
54
43
74
73
116
26
166
31
169
134
23
26
35
146
174
38
139
70
18
102
73
78
24
39
53
54
37
72
26
87
13
11
26
33
53
85
31
11
32
137
71
34
133
22
40
34
24
39
39
41
12
27
27
95
34
41
