200
119
200
200
200
172
200
200
200
76
200
200
200
200
119
200
61
200
81
200
200
200
200
200
200
200
200
200
200
200
200
200
200
200
200
200
200
30
91
101
200
200
200
200
57
29
41
200
200
200
57
200
200
200
200
200
200
18
200
44
200
200
200
200
43
111
141
50
31
200
50
85
183
91
200
39
84
24
126
200
163
52
72
200
81
106
43
36
28
38
36
23
200
64
19
200
36
10
147
49
143
23
48
97
24
28
95
47
13
44
17
16
50
32
37
12
11
52
27
38
23
39
179
13
31
43
43
26
156
23
17
25
68
15
61
14
200
15
17
16
21
14
16
68
21
9
55
53
29
9
