200
95
200
200
200
200
200
200
86
144
200
138
97
200
121
177
160
200
129
60
200
112
200
200
200
125
44
180
200
74
100
200
189
100
200
182
107
200
200
200
86
199
200
30
59
152
200
38
200
37
29
194
200
85
62
70
200
91
24
161
25
97
16
200
149
160
55
41
63
101
143
134
80
113
200
89
21
83
200
38
35
91
41
62
58
87
101
71
109
76
59
109
51
59
200
200
38
82
46
147
117
89
69
61
99
41
19
21
16
103
19
29
42
17
19
59
20
18
28
58
44
89
35
64
17
120
29
29
32
16
34
47
12
36
19
21
33
19
11
73
63
35
47
12
31
58
39
34
13
36
