200
200
200
200
200
200
200
189
200
157
82
200
200
200
197
200
200
200
200
200
200
200
51
104
200
200
200
200
200
169
200
200
82
200
200
200
21
200
144
200
200
114
200
195
200
200
78
36
200
41
200
200
42
79
200
200
200
200
113
200
31
64
200
200
200
200
200
200
200
200
200
200
200
200
200
200
200
200
29
200
200
150
200
200
200
200
200
200
26
59
200
200
200
88
200
200
200
200
22
200
200
200
200
200
200
200
200
200
200
200
200
200
47
200
200
200
200
200
200
200
31
200
200
200
46
200
200
200
43
200
13
146
200
39
170
200
200
200
36
51
200
200
200
41
200
200
200
143
200
200
