200
200
200
102
200
159
151
200
200
144
58
169
200
200
75
200
190
115
200
140
200
200
157
200
200
200
200
200
200
108
200
171
82
57
157
200
61
200
200
200
74
200
79
200
200
200
200
130
43
200
116
43
200
25
125
173
53
147
87
147
20
118
200
198
200
200
38
174
88
39
141
200
200
31
90
200
145
181
76
100
51
200
200
78
88
34
48
110
15
41
44
41
126
13
42
116
60
27
157
15
155
32
35
59
25
28
33
65
75
61
51
39
41
36
20
53
17
16
34
29
39
116
52
14
24
45
18
22
18
14
21
39
142
46
53
28
11
93
67
40
18
89
60
36
11
14
40
36
18
23
