200
200
200
200
200
200
200
200
200
200
200
200
200
27
200
200
200
200
66
200
173
200
200
200
200
200
200
200
200
112
119
142
200
200
200
200
200
200
200
200
200
200
49
200
200
200
200
200
200
200
200
144
62
200
200
94
200
200
200
200
200
146
132
200
53
200
200
200
200
200
200
200
200
200
200
43
200
200
175
200
200
200
200
200
97
200
200
76
172
110
44
200
63
93
200
132
105
189
96
200
108
97
200
104
77
38
33
17
120
65
126
110
23
156
19
178
60
47
29
45
29
12
98
49
53
42
44
21
64
77
118
121
33
53
16
57
62
61
17
16
200
58
45
40
21
16
19
17
19
50
