200
200
27
88
200
200
164
34
132
118
200
200
139
146
138
96
95
200
114
83
200
108
99
40
77
155
132
51
23
200
57
70
49
200
195
200
107
200
62
64
72
25
123
84
22
35
47
30
185
200
179
20
200
200
111
96
200
34
48
200
200
200
181
148
200
200
105
53
80
200
200
200
200
157
122
127
156
198
52
200
21
200
86
55
75
59
112
17
60
60
157
109
122
85
157
111
17
55
167
142
200
44
24
138
105
144
70
34
65
200
17
72
12
87
97
95
22
33
23
136
38
16
38
73
52
54
98
173
27
27
39
60
79
38
27
19
24
15
18
42
46
90
19
83
108
30
40
21
20
44
