200
200
200
200
200
200
141
200
200
200
177
200
200
200
200
200
200
200
200
200
200
200
143
200
200
200
200
200
200
200
200
200
200
200
200
200
200
200
200
200
200
200
200
161
200
200
176
200
200
200
86
200
56
200
17
200
200
82
103
141
22
123
173
183
177
188
53
186
200
82
65
200
40
189
200
200
92
176
107
51
48
200
200
46
92
184
142
16
12
110
31
57
200
38
72
39
46
122
40
32
97
50
51
183
64
115
80
30
42
76
66
54
45
19
29
15
37
16
24
134
38
24
18
74
37
17
37
40
157
49
46
33
54
31
13
21
67
14
35
16
17
42
31
73
20
51
20
37
28
26
