200
200
99
200
200
200
170
170
200
200
200
86
200
127
90
95
123
40
158
200
136
200
200
187
200
88
149
200
32
149
160
149
200
200
97
37
59
200
91
43
145
46
81
19
92
80
200
86
22
200
142
200
129
136
168
127
46
78
77
164
31
148
69
200
52
99
29
95
81
200
133
33
45
19
33
62
43
50
139
139
16
200
87
20
40
80
66
80
200
44
110
63
98
135
102
105
16
190
85
44
11
12
61
74
125
97
15
94
32
33
87
49
44
20
22
141
49
27
36
40
33
107
36
65
61
20
29
13
46
43
68
15
67
31
32
33
59
27
80
76
44
16
18
45
11
69
14
39
52
39
