200
200
200
200
200
200
200
200
200
200
200
200
101
124
200
200
200
200
200
26
200
200
200
200
200
91
200
200
128
192
200
200
200
200
200
200
200
142
53
200
200
200
200
200
200
55
200
125
200
149
200
200
200
200
33
200
200
200
118
200
200
200
200
121
200
30
141
48
200
200
200
200
161
200
33
110
36
198
200
200
200
200
64
25
96
200
200
17
118
153
157
200
200
166
200
200
200
200
79
63
112
85
119
73
173
200
64
200
17
68
95
87
195
58
65
53
59
200
108
52
80
52
74
97
125
86
74
77
161
117
150
57
69
69
45
20
15
12
137
69
14
123
27
51
18
38
16
22
23
126
