200
200
200
200
200
200
200
193
200
143
200
200
200
200
106
200
60
103
200
200
200
200
200
200
200
70
200
77
200
200
200
200
200
200
190
200
200
138
200
200
200
200
200
200
200
103
73
55
179
200
200
200
95
114
200
200
199
200
200
74
109
88
98
199
200
64
200
19
100
200
200
200
200
96
46
200
79
58
100
154
200
96
190
105
200
88
29
200
36
200
70
200
200
82
45
164
36
65
26
149
37
62
177
111
17
200
72
200
169
61
37
21
80
59
81
200
103
16
80
200
109
64
62
45
45
76
200
102
119
64
127
29
137
169
81
113
16
27
93
26
31
186
55
29
43
185
24
46
18
13
