200
200
169
200
200
111
200
200
200
119
89
200
200
143
200
200
77
113
200
200
184
200
200
67
44
200
200
200
34
149
200
200
112
164
124
200
103
200
199
200
160
200
133
24
200
76
200
87
44
171
200
45
200
67
200
200
65
167
200
149
200
172
200
57
200
82
200
66
121
200
25
66
109
33
54
200
162
37
33
200
20
200
93
171
105
200
39
57
56
200
87
83
70
14
53
144
154
26
79
180
21
62
13
56
30
88
138
22
63
45
19
15
50
28
15
70
42
34
72
59
18
55
30
63
51
177
20
55
42
17
14
26
38
19
23
49
30
14
28
40
49
119
52
18
47
115
28
26
49
48
