200
200
200
200
200
200
200
200
90
181
177
143
200
200
200
200
200
200
200
200
200
200
126
200
77
200
200
200
200
200
200
200
200
200
88
80
200
200
31
200
200
200
146
107
107
200
200
200
200
200
200
200
109
78
200
80
200
169
200
200
200
200
200
200
157
200
135
138
129
200
200
200
200
52
73
109
200
48
139
134
49
92
103
200
128
21
86
200
191
154
51
97
200
85
200
200
200
200
200
104
200
100
200
99
200
138
200
200
200
200
200
84
200
200
196
200
59
200
53
200
182
108
107
198
200
130
200
43
52
54
158
200
50
98
44
200
127
123
80
40
200
200
51
200
200
200
111
184
200
165
