200
200
200
200
200
200
147
163
200
200
200
200
200
200
200
200
200
200
200
200
200
200
150
103
200
118
200
200
167
200
129
200
200
113
200
100
42
184
200
200
200
200
200
200
200
200
127
200
196
37
87
200
200
200
200
200
200
200
200
142
200
200
200
200
107
81
120
112
200
149
68
200
200
200
200
200
17
200
155
200
80
200
200
200
54
200
63
200
38
200
194
200
200
200
164
200
44
119
141
200
34
200
200
200
200
200
200
137
130
200
65
200
181
200
90
199
98
200
180
61
200
200
56
200
92
51
85
200
200
200
200
166
200
200
200
200
200
72
129
200
157
140
200
127
200
200
80
180
200
200
