200
200
135
200
200
200
200
200
200
176
200
200
200
200
200
200
200
200
200
200
172
200
200
180
200
118
200
200
200
128
200
181
113
200
51
97
200
200
200
200
128
177
200
133
92
102
200
93
200
200
200
78
200
79
44
172
170
36
157
200
113
200
54
65
165
20
129
200
123
37
112
19
36
199
81
107
77
200
152
41
93
46
62
15
172
200
22
55
160
23
19
77
17
52
54
34
17
42
28
39
34
19
36
27
43
49
22
23
27
32
30
37
35
58
66
27
10
30
62
59
122
50
92
23
35
74
14
200
25
103
23
51
169
29
32
23
38
19
30
39
27
21
183
55
22
28
26
26
26
13
