200
200
200
200
200
200
200
158
161
200
200
200
200
200
200
200
200
200
200
200
200
200
66
200
200
200
200
109
88
88
149
200
200
200
131
35
200
118
200
63
89
200
200
150
200
92
31
200
198
200
109
140
104
110
81
182
200
35
99
45
40
200
200
104
95
18
123
157
100
185
75
112
64
173
166
21
74
53
132
39
23
200
72
47
65
74
80
200
54
69
41
37
45
97
24
92
176
44
50
56
200
23
26
105
15
46
58
62
39
24
33
89
37
76
19
103
138
16
40
84
200
33
60
100
61
88
75
35
54
107
62
29
200
61
25
200
28
80
55
19
36
55
21
39
52
16
27
51
23
38
