200
200
200
200
82
200
200
97
200
200
200
200
200
200
104
179
200
200
200
200
200
200
200
200
200
200
200
197
200
200
120
200
200
200
131
200
200
127
161
200
200
200
54
200
161
136
97
200
200
175
79
93
200
36
200
92
200
61
72
200
135
106
200
148
200
200
200
72
189
50
47
89
77
139
200
53
162
118
76
200
200
15
197
200
47
30
200
200
154
156
137
36
131
59
77
76
51
124
12
172
31
80
73
35
73
181
200
71
142
82
200
59
200
32
89
86
35
200
200
159
16
200
71
23
54
118
30
97
18
53
200
59
99
200
135
200
48
26
36
200
87
200
145
31
101
61
81
122
36
33
