200
200
43
200
200
200
200
200
181
171
200
200
200
200
29
200
200
200
200
200
170
170
200
200
200
200
200
200
143
200
35
200
66
200
200
148
108
200
200
200
39
200
200
200
200
200
113
200
200
127
200
196
200
30
200
29
95
52
200
78
200
131
27
133
43
96
200
29
195
200
149
48
93
29
199
200
106
88
35
174
167
175
127
200
71
168
166
155
83
97
200
189
54
200
99
34
33
200
181
66
166
200
58
200
47
85
153
200
62
24
200
115
117
200
76
164
138
153
22
35
13
64
109
33
108
65
35
125
29
200
21
143
14
106
96
143
200
50
109
70
42
53
129
48
200
29
89
200
47
102
