200
200
200
200
101
200
112
136
103
200
165
200
200
82
136
164
129
129
200
200
200
137
200
200
140
160
97
41
200
200
127
200
188
200
108
200
200
92
200
200
200
200
135
200
75
200
99
151
200
200
200
160
142
200
200
200
125
200
200
147
120
147
200
200
108
200
82
200
200
200
92
86
200
44
129
91
29
87
101
200
200
200
136
200
200
196
197
200
200
74
200
153
200
145
200
26
105
200
190
49
200
53
200
135
200
200
200
200
128
141
60
120
200
200
200
200
93
200
22
84
200
200
200
172
56
120
105
94
153
200
178
65
53
41
83
146
190
96
62
200
174
49
105
159
58
42
121
108
121
109
