200
200
200
200
200
200
200
200
200
200
200
200
200
200
200
200
56
200
200
200
147
200
200
105
88
96
200
46
200
167
108
200
45
159
54
69
200
38
200
171
63
86
126
200
157
200
187
110
17
89
120
18
151
198
12
53
33
200
94
34
91
153
81
121
58
126
59
139
32
22
45
49
65
23
15
22
124
128
50
148
60
200
24
49
150
63
31
36
56
17
200
30
86
22
20
37
66
24
56
19
31
28
85
62
32
38
33
90
54
48
87
18
29
12
25
43
32
84
200
16
69
39
64
74
21
48
101
200
17
63
48
83
169
48
33
50
22
24
154
39
53
51
62
13
32
25
29
48
20
63
