200
200
200
200
200
200
200
200
200
143
200
200
200
200
200
200
200
200
98
200
200
96
200
200
200
200
163
200
159
143
200
200
43
106
200
200
199
120
200
35
200
61
200
200
35
114
200
110
78
200
96
154
144
78
189
73
145
90
110
74
65
92
83
57
200
58
111
156
23
200
111
113
29
30
19
117
53
104
51
118
105
36
49
24
92
105
42
60
41
200
51
16
32
99
110
163
82
31
126
128
24
48
98
140
78
74
101
24
54
47
22
15
200
24
85
47
38
46
65
108
73
46
43
30
17
18
20
35
21
25
36
45
87
35
12
31
85
91
34
11
21
154
32
48
32
65
55
41
19
23
