200
200
200
200
200
200
200
200
200
200
200
200
200
200
200
200
200
200
200
200
200
200
200
200
200
200
200
200
200
200
200
200
200
200
200
121
200
200
200
200
200
200
200
200
200
200
200
200
180
163
163
132
200
155
200
38
72
200
200
200
149
200
200
200
200
121
97
200
198
200
63
145
115
200
200
200
58
200
200
103
200
200
200
200
70
175
152
200
200
200
71
200
200
81
178
183
177
94
200
200
95
200
64
200
119
200
200
200
200
157
80
178
51
144
63
183
128
184
200
200
94
200
120
156
178
40
200
200
92
200
166
200
200
200
200
200
200
35
200
109
200
200
108
164
200
156
29
200
144
160
