200
200
200
200
200
200
200
200
200
200
200
200
200
200
130
200
200
110
200
129
200
200
189
180
200
167
179
200
200
86
46
200
200
94
200
114
200
200
140
44
44
200
200
200
53
134
116
37
200
200
200
23
200
67
52
75
200
94
200
55
63
84
200
140
200
64
65
19
200
131
200
48
165
65
34
46
60
65
99
38
150
48
200
180
79
32
26
200
32
200
118
97
21
16
22
77
160
30
36
77
200
72
39
200
17
31
54
35
26
63
35
25
65
19
37
49
66
200
33
200
90
33
59
96
49
26
20
36
16
18
45
29
39
19
110
21
87
57
23
26
14
61
88
49
18
93
13
24
23
102
