200
200
200
200
200
200
200
200
200
200
200
200
200
200
200
101
200
200
200
200
135
200
200
200
117
95
200
200
194
200
200
200
200
155
51
71
70
36
200
89
92
59
200
55
200
200
160
108
149
34
30
76
40
84
129
60
67
121
85
137
146
78
73
91
47
32
154
200
200
19
37
200
74
31
42
61
23
50
112
123
40
34
69
52
28
32
45
67
27
33
16
25
81
149
43
69
159
107
53
22
74
33
102
18
19
45
43
17
15
35
28
26
61
25
31
21
48
56
9
36
17
20
25
43
87
55
34
63
34
21
47
19
39
84
200
29
14
126
78
25
53
19
36
12
121
49
17
34
14
68
