200
200
200
200
200
200
200
200
200
200
200
123
200
200
200
200
200
187
200
200
59
200
200
69
200
200
200
200
28
200
200
67
200
162
200
200
200
200
171
200
67
120
116
72
200
200
56
200
200
46
200
200
30
200
171
18
130
130
49
54
86
200
200
182
141
200
200
120
200
94
120
128
200
109
149
158
20
122
102
36
37
39
54
27
67
118
81
145
67
173
94
48
39
37
163
78
120
22
66
108
120
97
99
45
47
66
33
38
82
36
74
93
45
56
23
53
45
22
36
15
34
22
118
67
52
52
35
27
24
13
55
108
68
24
18
83
22
32
62
15
29
18
17
29
58
29
28
25
33
38
