104
82
200
200
200
200
200
200
200
200
200
72
200
200
200
200
147
200
200
200
200
175
200
200
200
124
200
91
109
200
200
200
86
200
200
200
167
200
200
200
200
75
200
200
200
133
200
144
200
93
200
200
200
115
152
200
200
108
200
29
77
200
200
200
200
200
200
122
83
200
123
200
200
200
172
98
200
200
200
128
200
170
200
55
200
90
163
200
161
188
29
200
200
109
101
200
200
200
200
200
200
147
165
124
77
180
137
130
59
110
200
78
57
56
48
133
200
99
105
56
168
67
19
172
18
21
15
17
83
73
71
63
46
199
30
76
41
34
25
200
73
41
47
24
61
65
27
200
46
62
