200
200
200
200
200
200
200
200
200
118
200
200
142
200
200
200
200
200
200
200
200
200
200
200
200
200
200
85
200
200
138
200
76
89
192
68
126
59
200
200
200
200
200
200
200
129
88
200
200
137
83
200
200
106
200
200
73
141
200
62
200
52
200
169
200
158
46
54
68
130
40
56
200
29
200
200
102
200
16
150
32
149
18
56
81
66
152
63
177
99
186
200
136
63
200
115
199
25
123
16
83
43
82
68
65
122
192
46
38
28
85
49
71
30
46
200
53
27
33
60
136
101
11
17
172
26
21
56
52
200
57
24
43
45
37
53
25
38
116
18
99
51
14
53
18
88
119
30
16
53
