200
200
200
200
200
200
200
200
200
200
200
200
200
200
200
200
200
200
200
104
200
200
200
86
200
200
200
200
200
130
200
200
50
200
154
200
200
139
200
200
143
200
200
200
195
200
62
200
108
200
200
128
200
200
103
122
200
83
72
91
124
200
200
200
200
200
200
200
200
192
154
200
200
200
57
200
200
200
200
200
200
200
90
48
52
56
200
117
200
34
189
200
181
200
193
200
63
86
153
42
134
140
73
200
65
200
200
200
200
200
200
158
177
118
200
187
160
75
200
200
37
200
193
94
15
170
133
187
200
152
200
58
200
191
200
85
200
115
200
105
186
78
200
200
200
122
23
188
161
200
