200
200
200
200
200
200
200
200
200
200
200
171
200
200
200
200
200
200
200
200
200
200
200
200
200
200
200
200
200
200
59
200
200
200
200
200
200
200
200
200
200
200
200
200
102
200
124
67
200
200
200
200
129
40
200
200
200
200
117
87
81
200
200
200
200
200
181
200
200
200
188
200
200
64
200
200
200
142
200
200
87
200
83
181
85
33
200
63
200
139
45
200
182
200
81
200
200
149
30
200
200
200
81
161
200
200
87
200
124
94
85
200
48
165
102
200
115
200
200
40
183
49
200
200
92
200
73
200
51
53
200
197
127
200
200
86
200
200
51
200
73
200
200
55
200
170
151
200
140
200
