200
200
200
200
200
200
200
200
200
200
31
199
92
66
200
200
200
200
200
200
200
200
119
200
197
200
200
200
200
193
200
133
200
200
176
200
21
200
200
200
81
102
200
200
200
200
200
115
115
200
53
200
200
85
200
190
116
200
200
200
200
200
14
145
110
200
99
150
200
200
200
200
144
200
200
96
200
200
175
200
88
176
200
200
38
200
200
98
200
108
200
156
200
160
200
200
43
177
200
200
200
200
29
200
200
167
200
200
78
147
200
200
87
103
138
200
200
54
156
200
113
200
196
200
200
200
121
200
109
200
200
110
93
158
200
200
200
129
200
70
200
200
200
125
164
200
200
200
57
200
