200
200
200
200
200
200
200
200
200
79
200
52
200
49
200
200
200
200
200
169
200
104
129
200
200
200
200
159
200
200
73
123
195
200
200
77
116
157
119
200
79
120
200
75
106
28
133
68
49
148
71
43
27
108
28
144
134
44
200
80
34
31
24
200
200
20
54
25
78
12
164
166
94
110
36
92
153
34
147
108
77
200
25
57
67
127
111
33
64
44
152
50
32
58
15
45
38
18
27
27
27
200
100
38
115
61
120
162
68
34
74
157
57
55
18
31
200
124
55
35
39
102
76
21
48
55
16
25
45
46
117
128
70
22
23
45
32
56
71
18
197
41
58
30
58
129
80
22
123
48
