200
200
200
200
200
200
200
200
200
200
200
200
200
154
200
200
200
200
200
200
200
200
47
200
196
200
200
200
180
200
116
200
200
200
200
184
71
200
200
200
200
200
86
89
132
35
200
200
200
200
200
168
152
200
135
200
117
200
200
89
168
179
61
200
200
200
200
200
200
19
151
124
200
40
43
151
200
200
94
29
200
191
161
80
200
200
200
200
200
200
200
200
123
200
200
200
200
188
33
200
200
200
200
98
200
200
200
200
90
200
200
200
134
200
101
83
200
53
200
91
200
62
200
77
200
94
200
120
200
66
200
75
99
200
200
68
199
115
69
122
39
59
42
147
93
102
50
61
31
51
