200
200
200
160
200
200
200
167
70
200
100
96
200
200
124
200
200
185
57
49
200
65
31
200
200
89
200
200
200
50
114
200
200
200
200
41
77
200
34
200
113
94
147
192
88
179
141
44
200
177
200
150
57
200
200
200
200
200
121
169
200
200
200
200
145
116
200
200
200
178
162
77
86
88
200
200
200
160
143
200
200
200
87
200
122
100
200
39
200
200
200
108
200
170
36
200
200
200
200
130
87
87
54
99
200
173
32
23
200
50
24
102
20
122
200
102
200
79
150
92
58
116
57
77
117
74
78
200
200
74
45
127
74
200
66
138
83
104
62
93
37
18
55
61
128
56
46
172
90
177
