200
200
200
200
200
81
79
165
191
200
200
130
200
186
200
200
200
200
200
191
200
148
200
174
54
140
200
82
34
200
200
79
141
200
200
41
144
47
51
145
63
33
85
200
56
90
186
196
200
119
200
15
200
200
97
35
21
114
54
31
153
94
39
54
57
134
200
58
142
40
122
59
62
112
200
104
90
67
80
83
115
21
136
30
37
61
200
200
200
47
60
97
112
39
32
59
65
58
11
104
121
87
99
63
200
91
93
200
37
116
12
22
137
32
39
36
108
73
83
31
159
56
200
200
32
135
30
37
29
55
65
24
173
160
44
59
12
32
200
36
21
16
49
98
144
200
49
104
36
46
