200
200
126
200
27
124
200
200
200
194
38
200
107
200
200
71
61
200
200
75
60
111
200
200
200
24
68
200
200
200
59
68
200
200
61
164
120
200
122
199
200
200
200
200
55
200
200
48
48
200
51
170
200
200
175
111
200
200
62
200
157
66
16
31
200
58
200
94
25
200
200
85
200
127
164
26
13
111
112
200
38
88
200
147
42
30
91
166
145
200
22
141
132
190
109
200
200
200
93
200
178
29
21
12
31
48
84
184
67
185
13
40
46
108
131
200
200
28
53
85
66
58
122
82
200
158
19
31
171
108
172
98
116
85
85
93
55
86
179
98
48
111
144
54
14
91
76
49
42
45
