200
200
200
200
200
200
200
141
114
200
200
73
200
200
200
200
200
29
200
200
188
200
94
200
63
152
169
200
200
110
200
200
200
200
200
200
200
67
200
200
199
63
200
39
200
104
39
69
51
74
15
140
54
200
31
38
178
11
32
82
85
69
180
70
68
88
162
34
80
155
34
115
41
37
32
62
57
49
24
200
72
15
28
24
67
21
74
37
109
49
22
47
31
35
89
22
51
37
20
30
20
38
19
42
39
31
33
34
59
43
28
18
65
24
25
48
22
26
20
66
200
19
13
32
15
38
17
30
22
17
18
69
64
26
21
73
59
48
32
38
200
19
14
15
44
34
34
55
66
36
