200
200
200
200
200
200
200
200
200
200
200
200
200
190
200
200
200
142
200
200
200
200
200
172
200
200
153
159
200
120
200
146
200
141
200
107
200
200
43
80
84
71
200
200
200
109
200
37
200
117
91
200
200
189
196
200
91
200
20
200
200
200
200
85
200
200
200
200
200
164
108
83
200
200
65
125
167
143
62
200
200
179
200
200
89
94
200
190
83
58
85
200
200
200
73
200
163
177
200
101
200
37
98
66
63
43
131
200
149
200
200
105
200
200
58
70
97
200
124
81
132
193
32
67
174
44
45
200
80
106
107
75
78
200
98
180
60
149
183
38
59
52
50
91
200
107
43
20
130
146
