200
200
200
200
200
200
200
200
200
200
200
200
151
200
200
187
200
200
189
185
200
200
200
200
166
200
200
200
172
200
197
200
200
171
159
51
200
200
200
191
200
200
200
200
80
200
200
200
55
200
164
200
200
200
200
200
200
119
200
139
200
200
79
77
200
200
121
182
190
200
169
93
200
200
29
50
107
100
160
57
129
200
200
35
200
90
78
33
90
72
75
62
35
56
59
62
29
58
66
115
49
39
44
31
23
139
200
150
181
86
107
48
78
63
25
75
116
119
50
16
54
66
65
33
40
44
32
125
102
151
15
24
35
60
200
26
141
46
60
15
17
25
36
50
23
50
44
22
90
120
