200
115
83
200
200
186
168
200
37
88
60
200
178
192
131
200
93
200
200
200
200
200
120
68
119
200
200
156
200
90
200
54
87
200
167
200
200
131
200
200
133
86
96
200
200
200
200
200
200
200
200
79
200
200
200
122
200
200
200
129
119
200
200
198
200
200
200
200
101
94
200
200
90
75
114
200
200
200
183
200
200
55
200
135
200
200
200
25
121
121
41
172
133
123
145
103
41
54
29
200
200
57
39
200
200
100
52
162
90
200
51
84
95
200
200
86
200
24
178
115
193
98
60
200
114
200
15
200
79
73
200
149
119
200
29
110
27
127
105
152
107
58
58
52
95
81
48
104
200
112
