200
200
200
200
200
200
200
200
167
200
200
200
200
200
200
200
200
200
200
200
176
200
162
200
46
183
200
200
156
200
200
200
179
200
200
103
200
181
200
27
131
200
200
200
137
152
186
74
106
200
120
200
200
15
18
165
44
91
200
30
178
200
149
95
65
41
138
104
98
66
200
13
71
73
200
104
54
27
51
109
14
200
71
200
21
36
26
103
12
53
98
56
200
20
64
32
16
118
30
108
35
41
52
71
65
50
20
81
17
20
93
200
32
22
200
111
34
139
200
60
98
37
50
53
54
85
96
38
55
27
32
106
25
65
35
71
22
49
101
62
85
19
97
25
17
10
20
62
16
27
