200
200
200
200
200
200
200
200
200
200
183
148
133
200
62
159
138
200
110
200
57
178
170
200
175
200
108
200
200
185
77
117
170
173
111
85
107
200
161
172
200
200
200
200
85
200
200
187
200
200
200
80
118
200
67
108
81
37
142
39
200
200
114
117
34
127
200
45
40
97
85
200
85
200
24
200
200
70
200
200
64
194
59
138
200
35
81
26
200
111
87
45
44
110
96
91
79
127
128
91
16
108
105
34
133
41
53
63
22
46
200
17
197
107
91
57
73
27
39
131
200
128
34
141
170
200
200
49
130
94
32
159
112
200
19
64
48
65
125
73
200
139
33
133
19
200
48
123
29
29
