200
200
137
129
200
200
200
198
200
46
200
200
200
200
85
200
52
41
57
200
200
186
200
170
200
125
30
192
172
169
200
162
89
43
67
69
122
200
136
129
90
200
62
109
103
31
74
200
45
192
44
58
200
61
47
112
81
20
200
156
10
74
29
21
88
47
144
35
200
60
30
96
200
102
153
129
137
200
36
21
48
41
200
165
125
105
22
44
101
200
179
156
63
27
44
150
188
31
45
44
108
45
63
37
55
26
61
19
125
47
200
22
46
53
28
11
44
38
51
70
39
27
15
20
38
22
24
12
31
46
24
28
71
28
28
23
49
82
55
29
28
98
53
83
55
26
80
130
64
14
