200
200
200
200
200
200
200
197
200
200
200
200
200
200
200
200
200
145
200
127
200
126
200
128
77
188
200
200
200
200
151
150
111
71
106
200
200
200
63
72
200
165
200
180
112
81
200
119
136
115
104
60
200
81
88
108
58
23
51
133
90
200
200
80
200
21
48
200
63
28
50
200
151
40
157
35
111
100
44
19
43
57
80
96
72
78
131
44
134
41
14
45
122
43
69
93
107
50
93
200
63
185
80
59
135
152
37
58
23
170
40
99
74
58
38
104
76
150
23
72
63
49
15
200
53
93
59
109
78
26
200
59
31
166
41
72
32
65
10
16
32
102
200
30
97
89
112
147
200
85
