200
111
166
200
200
200
200
141
200
171
131
200
200
200
198
200
132
200
200
68
200
200
200
200
200
37
42
151
200
200
200
179
200
200
200
200
98
92
200
47
104
35
200
73
200
185
146
200
70
200
26
87
200
200
44
47
194
200
114
90
200
200
123
34
200
200
86
91
200
200
200
196
200
200
200
200
200
200
200
200
165
86
114
200
200
200
97
200
40
200
200
200
200
200
154
112
200
200
200
144
200
200
200
161
69
65
200
200
200
200
200
200
200
200
200
200
29
200
200
200
200
200
107
200
200
50
90
200
57
165
196
105
200
83
200
200
200
64
55
97
200
166
144
121
90
140
200
86
200
79
