200
200
200
200
200
200
200
200
200
200
200
200
200
200
59
200
200
200
200
200
200
200
200
200
172
200
200
151
110
200
200
93
64
200
81
200
200
200
153
200
65
200
162
106
200
180
85
103
146
200
73
156
53
200
39
189
200
41
200
95
200
200
200
157
200
27
123
102
70
97
111
200
112
44
81
200
42
44
200
200
26
181
200
200
193
200
160
200
164
200
144
71
169
200
26
200
200
200
200
128
128
67
200
200
200
181
110
129
191
70
82
181
200
60
37
67
200
183
72
80
77
200
29
125
73
200
41
95
177
69
72
145
99
29
179
181
200
200
49
61
85
103
24
113
43
66
14
129
44
26
