200
200
183
200
200
200
200
200
200
200
200
200
200
200
74
200
200
200
200
200
89
200
200
200
200
200
200
200
200
200
200
200
191
200
200
200
200
116
200
200
200
200
200
200
200
200
189
96
200
200
200
200
83
163
92
200
200
72
200
200
200
200
200
50
200
155
200
200
200
121
200
65
200
200
200
175
162
109
200
200
125
200
189
200
68
200
93
74
86
200
200
200
126
200
200
200
200
200
200
200
200
41
200
200
200
137
41
200
124
200
94
155
105
200
98
54
58
38
200
200
122
200
200
67
162
200
190
175
151
194
200
42
68
200
200
25
80
47
63
31
200
91
126
60
116
200
200
74
85
69
