200
200
200
200
200
200
200
200
200
200
200
200
200
198
200
200
200
200
151
200
163
200
200
200
200
200
113
200
200
200
197
92
90
18
62
200
200
200
44
80
56
98
136
200
54
49
69
200
40
138
149
97
44
176
200
136
33
36
58
34
81
26
159
71
45
192
117
65
74
100
28
88
200
100
85
54
130
78
109
72
50
33
71
90
31
39
133
120
44
53
43
21
87
60
29
16
55
26
64
113
14
167
200
13
18
29
200
74
16
26
93
89
23
44
90
45
26
118
52
45
35
169
20
92
60
31
34
69
31
15
23
40
89
65
23
29
56
30
47
16
94
29
48
50
83
32
15
18
37
46
