200
200
200
200
200
200
200
200
200
200
200
200
200
200
200
200
200
200
200
200
200
200
200
200
200
200
200
82
150
200
200
200
200
200
45
200
160
200
200
200
148
200
200
200
54
52
200
109
196
200
124
200
200
89
43
77
29
51
200
37
15
129
120
79
200
200
200
167
58
75
51
200
105
87
170
129
45
22
200
78
56
90
26
126
134
200
78
38
74
69
113
25
124
155
19
44
75
54
35
55
52
192
200
88
39
109
92
57
40
27
48
40
23
17
80
62
90
41
78
124
41
19
64
20
147
25
77
25
38
119
28
101
56
71
66
54
21
23
39
47
60
19
25
28
39
200
31
43
86
89
