200
200
200
200
200
200
200
200
200
109
200
200
200
200
200
200
200
200
92
200
200
200
200
200
200
200
200
200
200
200
200
122
123
200
200
100
200
200
200
200
200
151
18
200
200
97
200
76
49
98
74
85
113
33
200
95
200
200
112
200
200
62
200
137
25
119
200
137
200
200
71
200
200
113
153
200
104
149
200
135
32
16
44
60
200
74
173
200
200
129
92
200
112
200
200
200
140
176
175
200
118
200
80
51
144
24
144
61
200
200
174
200
200
154
103
200
200
127
200
200
200
133
200
85
200
27
200
106
115
96
52
47
46
26
200
34
55
50
200
167
200
200
200
200
106
53
28
200
73
70
