155
162
200
200
82
200
200
200
186
200
200
104
135
79
84
124
200
200
200
200
73
39
200
200
29
67
200
64
200
192
179
200
200
200
200
132
124
200
129
200
89
112
200
110
145
55
46
200
200
172
149
200
200
13
105
200
63
56
200
200
27
200
147
40
28
200
169
51
23
163
179
108
128
112
200
79
54
121
149
45
95
42
150
35
134
81
200
178
192
173
46
125
23
47
23
86
200
35
200
181
39
171
200
200
200
200
14
176
103
13
54
133
109
103
55
41
58
29
38
143
200
60
193
124
98
59
189
82
78
36
71
186
200
200
46
200
200
143
68
200
200
200
200
122
200
52
164
66
47
126
