200
200
200
142
200
200
142
200
200
200
200
200
200
200
194
200
113
200
135
200
200
200
44
200
126
200
200
107
200
63
111
200
89
122
110
200
141
200
200
200
192
66
200
200
76
52
200
160
40
64
200
110
200
200
181
200
82
200
109
177
17
200
200
59
192
200
152
200
200
200
200
150
190
200
89
150
83
200
172
55
60
41
85
114
200
115
166
200
79
120
200
200
200
200
91
97
200
167
33
163
114
200
200
200
113
200
49
40
95
197
92
85
200
200
30
184
200
200
200
200
200
167
200
144
108
200
200
45
22
150
200
141
119
200
200
161
92
200
57
200
70
62
133
200
200
131
129
200
200
116
