200
160
200
193
200
200
200
93
63
200
156
200
200
200
92
77
122
65
152
200
200
200
200
200
200
200
200
200
149
90
62
43
21
200
200
167
200
200
42
200
200
149
90
200
68
99
76
139
42
200
40
200
200
177
167
170
112
111
200
200
200
200
200
89
200
200
38
186
200
148
200
198
77
200
200
200
200
200
200
195
53
48
134
200
200
179
144
200
104
200
200
200
200
87
99
100
47
96
58
142
71
200
141
86
200
56
81
189
110
200
125
200
200
200
200
33
200
114
54
15
191
46
114
73
24
192
122
86
172
119
200
86
152
200
154
102
193
85
200
86
74
26
73
142
86
200
22
25
200
55
