79
192
200
124
200
200
55
200
200
200
138
200
169
200
200
200
200
200
200
200
200
164
35
200
87
59
44
200
200
169
200
172
193
38
50
32
200
200
200
200
200
165
200
54
170
200
200
106
200
83
200
105
200
66
22
200
95
161
200
162
200
200
16
200
47
156
200
200
98
172
200
200
200
136
200
88
132
150
200
55
181
200
33
200
82
94
163
102
27
118
200
200
200
105
200
200
67
200
98
200
58
81
200
200
61
200
100
191
128
200
200
23
41
200
34
72
95
176
179
200
200
189
67
71
200
200
200
51
64
23
75
148
120
196
94
30
88
49
195
48
53
113
74
68
52
200
200
200
37
162
