128
200
197
200
74
200
130
200
26
124
200
200
200
200
200
200
42
35
190
100
199
200
121
200
200
200
200
88
184
152
85
115
93
112
67
52
200
94
142
67
106
68
45
146
187
140
69
200
177
67
36
168
135
200
200
200
93
71
200
50
21
142
200
59
56
200
106
25
165
121
72
200
104
77
49
63
200
200
151
82
148
45
100
200
200
200
92
107
130
63
186
95
63
125
200
78
163
175
56
85
185
78
47
83
22
99
53
56
55
84
51
70
171
90
23
200
77
83
63
200
200
34
179
200
200
200
28
35
33
95
113
168
93
116
200
81
109
131
79
156
200
107
200
38
76
200
93
138
200
32
