200
200
200
83
200
64
200
200
200
200
167
200
200
200
173
200
74
200
43
200
200
168
200
179
200
182
200
95
200
200
200
200
104
200
200
139
200
173
102
200
200
200
200
200
200
200
26
61
191
200
200
200
200
200
48
200
200
200
200
73
200
135
200
200
200
100
200
200
200
169
200
200
200
200
85
44
119
137
200
200
200
144
73
55
200
59
200
200
200
200
200
92
152
200
200
200
86
110
150
200
200
200
52
200
83
200
200
200
23
40
200
200
57
118
67
136
200
157
48
200
200
200
123
200
172
112
200
200
200
54
200
200
200
36
47
200
200
158
71
200
142
117
200
103
171
200
200
171
200
169
