200
200
80
200
200
200
200
200
200
200
200
200
200
200
114
175
199
200
200
200
89
200
200
200
158
200
147
182
200
200
200
82
200
200
174
200
200
200
200
200
121
200
200
200
193
200
200
80
54
200
200
200
200
116
200
200
200
112
200
200
200
200
155
59
200
200
62
102
153
100
200
200
200
200
200
200
138
200
70
200
200
186
200
160
200
169
200
200
90
200
200
200
103
58
171
163
200
88
200
200
200
114
200
200
130
117
103
62
103
200
200
200
58
185
139
164
200
181
26
200
106
200
151
41
200
200
200
42
200
68
178
200
134
200
112
200
200
200
200
93
77
80
138
200
83
139
200
200
200
200
