200
200
200
200
193
200
124
200
185
106
200
200
133
168
200
200
200
92
200
200
199
200
200
200
52
99
200
151
200
200
200
200
76
104
200
200
171
143
200
157
140
200
200
200
42
200
200
110
145
200
200
140
35
94
154
200
200
200
200
46
200
104
200
49
69
26
200
65
200
122
200
200
200
34
184
79
168
168
38
147
120
116
90
200
75
200
51
103
200
24
146
31
200
93
200
66
73
118
89
167
87
63
25
28
94
44
25
34
36
44
44
200
137
69
56
112
110
168
102
109
155
157
57
159
123
86
200
132
200
117
130
11
188
76
200
151
46
136
148
88
150
97
200
120
200
200
103
200
74
200
