200
200
200
200
200
95
200
200
200
200
200
200
200
200
200
200
200
200
200
58
176
83
136
200
200
200
116
200
72
200
200
120
200
200
200
200
200
200
200
200
200
98
200
133
200
200
99
49
76
200
200
49
200
70
117
200
59
147
184
200
40
42
78
111
126
132
139
52
143
71
29
200
200
86
200
81
133
15
153
28
200
200
200
149
47
67
200
200
200
200
200
64
150
200
200
200
141
37
102
48
139
33
200
200
63
149
87
131
200
162
57
97
49
200
162
129
31
103
44
197
52
88
168
177
195
56
152
43
37
200
94
156
50
118
167
125
120
50
200
97
27
200
156
194
25
141
193
200
15
69
