200
200
200
200
173
200
200
200
96
170
153
200
200
200
200
164
200
200
200
200
200
48
200
116
56
110
119
39
200
176
191
85
200
200
200
200
160
174
82
57
200
50
159
34
200
200
200
157
40
116
92
48
200
165
200
200
180
189
58
84
166
117
200
136
200
200
200
53
200
183
200
103
94
200
200
98
200
119
102
192
136
91
73
200
200
200
200
123
200
200
200
200
150
200
185
168
200
200
200
186
138
200
200
119
200
197
200
200
200
200
200
200
200
179
200
200
200
200
130
200
190
42
164
200
61
73
200
41
200
200
194
200
56
97
200
56
172
159
135
54
59
124
200
148
195
134
118
122
96
139
