200
148
200
200
79
200
200
200
200
136
101
66
200
200
111
200
83
123
200
200
200
193
200
200
176
61
175
200
200
200
200
187
43
200
200
200
200
200
200
200
95
48
149
200
200
200
180
200
200
200
200
200
200
200
199
102
200
62
200
200
200
200
200
200
74
200
200
123
200
200
120
72
200
200
200
200
200
200
200
200
200
75
98
200
111
116
200
193
200
200
17
110
200
200
135
113
200
88
200
200
200
195
200
200
88
200
104
200
132
31
198
200
54
136
200
200
87
91
200
200
118
200
157
200
87
198
200
191
56
31
137
200
83
200
38
200
200
200
200
200
200
200
200
16
168
200
152
200
200
200
