200
200
200
200
200
200
200
200
200
200
181
200
200
200
200
200
200
177
104
200
65
200
94
200
200
46
200
60
144
200
50
200
200
200
200
159
200
163
200
200
200
83
190
200
200
200
167
200
59
200
200
200
131
200
200
200
200
200
200
155
200
118
200
77
74
93
200
200
41
123
25
98
200
200
200
200
200
200
111
200
200
124
200
200
200
184
57
95
41
133
200
126
120
156
200
200
200
200
200
200
27
200
200
200
47
168
200
200
200
136
188
179
94
84
200
149
94
200
24
183
200
200
200
155
200
88
139
118
200
107
200
108
200
47
41
200
200
93
200
91
200
116
33
73
96
194
200
200
175
177
