200
98
200
200
141
200
200
200
200
96
172
200
200
200
200
200
200
200
200
76
200
200
68
200
122
200
44
200
103
24
200
200
200
199
200
200
200
200
200
200
200
183
200
200
200
51
200
149
126
110
200
200
200
200
40
200
200
55
88
200
200
200
164
200
175
200
200
200
200
200
200
96
200
200
146
200
54
200
200
52
200
176
138
129
199
85
118
97
200
200
32
200
200
67
174
200
127
191
200
125
200
187
139
175
117
71
95
200
81
200
200
200
200
57
42
200
200
68
100
200
200
200
181
200
200
125
160
90
200
200
141
200
49
72
33
104
200
200
141
79
84
200
75
88
200
144
31
41
200
80
