200
197
200
200
73
126
200
200
200
181
200
132
169
200
200
123
200
200
91
171
119
200
200
40
147
200
50
200
200
200
200
200
56
153
200
49
200
128
14
135
200
200
200
200
182
200
34
139
200
200
121
200
200
200
34
73
72
69
200
200
117
110
186
106
200
124
200
126
25
200
140
200
200
200
24
200
101
49
98
131
200
143
52
200
196
200
79
48
125
51
200
156
200
76
84
200
88
200
200
131
200
134
200
123
62
99
200
200
200
94
200
126
97
200
200
200
108
200
173
129
200
164
200
50
200
130
155
180
197
137
200
129
137
102
138
200
200
200
142
165
200
153
91
141
113
93
200
200
200
138
