200
200
151
200
74
200
70
156
200
110
200
85
97
192
200
200
200
75
200
38
196
180
162
200
200
200
200
200
36
172
92
118
163
96
97
200
178
173
200
200
181
83
45
163
148
200
200
200
200
200
144
55
200
200
200
129
122
51
70
161
200
200
200
103
103
183
200
200
49
35
105
64
200
125
134
100
200
45
71
110
200
200
149
127
175
200
200
184
61
47
105
200
200
200
200
200
174
85
102
73
200
63
107
55
200
47
200
49
191
69
200
193
200
200
95
148
199
44
64
200
142
70
69
119
100
200
200
113
59
158
101
200
54
200
82
85
200
41
60
200
180
151
200
200
119
23
102
101
105
20
