200
200
200
200
195
200
200
200
200
200
200
149
200
200
200
126
200
200
200
50
200
200
200
200
200
200
200
200
200
200
200
96
200
200
85
200
200
139
200
156
200
133
200
200
200
200
195
200
200
69
153
200
200
184
200
200
200
120
139
200
200
200
200
200
199
51
192
112
174
177
200
84
200
101
200
200
200
200
71
200
200
139
200
200
200
141
200
200
200
82
200
200
200
192
192
145
200
200
198
200
188
200
200
50
199
200
200
41
200
200
200
200
200
200
200
190
148
72
158
200
131
200
200
136
200
86
121
200
200
199
123
200
200
86
200
80
124
126
200
200
200
58
200
200
120
200
200
200
200
200
