131
132
186
200
200
200
200
200
200
69
200
200
200
92
86
200
200
134
200
200
200
53
200
45
84
200
200
200
200
200
72
58
200
108
32
200
22
132
200
200
200
118
200
86
200
35
55
78
200
200
200
200
50
78
47
200
163
200
200
74
200
51
60
147
73
200
194
112
200
200
154
200
38
107
92
200
184
135
157
139
64
200
200
88
124
145
48
185
101
86
157
200
114
200
77
54
200
200
73
100
190
19
200
200
200
200
59
69
194
92
136
63
200
59
67
200
200
48
113
200
200
190
48
200
73
140
101
151
67
117
188
200
171
200
145
37
31
200
200
200
200
83
200
26
55
182
28
200
200
102
