200
200
200
200
200
200
200
200
200
200
200
200
200
200
200
200
200
162
200
200
200
81
200
103
200
200
81
200
200
165
200
200
141
51
200
162
200
28
200
200
200
200
200
39
200
200
142
200
50
200
198
200
200
200
200
190
117
94
179
200
200
200
200
200
200
200
200
200
200
200
200
160
200
200
92
163
86
200
166
79
200
131
200
200
101
167
123
200
200
200
200
200
86
200
200
200
96
200
200
200
200
80
172
68
200
200
154
200
103
200
200
144
84
158
200
198
200
179
200
60
42
200
135
200
119
200
143
200
102
200
19
45
88
83
83
110
136
150
200
88
200
99
127
104
101
100
197
167
118
177
