90
125
200
200
127
200
200
200
80
200
200
200
87
100
200
200
24
200
200
200
200
156
32
51
71
148
43
200
26
200
200
200
200
200
200
200
200
73
200
63
200
200
200
200
58
87
200
176
200
126
200
200
200
200
80
162
100
200
200
199
200
116
200
96
200
200
171
194
170
200
37
200
140
82
200
156
200
85
79
48
200
27
92
135
100
93
200
200
200
50
200
101
90
200
171
200
200
107
175
195
27
200
53
197
200
200
113
32
126
154
34
200
200
200
53
33
200
133
200
200
200
136
200
102
200
200
49
141
58
121
200
182
200
200
200
181
127
82
124
200
200
16
200
186
97
66
200
200
200
43
