200
200
200
200
200
200
80
200
200
200
96
190
200
200
200
200
163
200
200
103
114
200
200
200
200
114
116
200
161
52
200
200
200
82
135
200
101
186
200
200
129
51
90
200
179
200
200
200
32
200
200
200
101
200
200
200
200
200
146
200
200
200
200
84
200
200
200
28
200
200
200
200
200
200
200
200
69
59
175
200
200
200
51
200
97
73
176
55
200
170
196
158
200
200
27
200
157
200
98
83
31
78
200
157
200
111
142
66
142
49
43
119
149
105
62
74
71
83
95
47
185
95
93
200
200
156
200
146
39
42
200
67
200
153
200
200
116
200
45
43
135
57
200
65
200
46
200
67
108
139
