200
200
73
197
200
200
128
141
112
31
58
200
28
200
200
200
200
65
200
82
65
128
200
200
200
43
198
106
174
89
200
200
17
200
200
177
200
200
200
81
97
117
200
25
200
200
81
200
77
200
44
200
181
200
104
35
200
152
200
76
38
29
199
187
200
86
200
45
200
200
76
152
78
81
200
83
157
24
152
92
73
46
189
192
170
156
181
200
80
145
30
200
200
23
68
136
68
200
94
200
34
196
200
55
84
39
32
200
169
93
125
119
61
200
41
126
169
76
200
181
168
200
200
17
145
51
44
200
65
118
200
200
18
141
193
64
200
182
93
200
35
200
200
31
69
200
71
185
148
30
