200
200
140
106
200
200
119
113
200
200
173
200
200
200
145
123
200
200
157
129
200
200
200
200
200
62
200
200
200
42
200
200
200
200
101
68
200
200
67
135
72
171
151
200
66
200
200
191
200
200
200
73
163
200
200
138
200
139
200
184
200
158
108
200
200
200
200
200
200
157
200
200
200
182
24
71
200
200
96
59
200
200
200
161
200
52
74
40
156
200
200
200
107
76
200
200
91
200
200
150
60
200
200
133
200
96
200
178
200
24
200
200
177
200
112
99
200
139
151
200
200
200
64
101
51
80
200
75
168
73
200
76
83
119
79
79
33
122
200
182
116
165
200
90
75
29
92
31
92
200
