200
200
200
200
200
200
200
200
200
200
200
200
200
200
200
200
200
167
200
150
200
200
200
200
30
200
200
188
195
152
96
200
200
200
200
200
200
25
200
66
197
133
107
170
200
200
200
187
66
200
111
200
200
94
58
135
200
200
133
200
200
200
94
200
88
200
200
200
84
59
200
132
200
200
200
177
200
138
141
200
200
200
200
200
69
200
200
200
124
81
131
200
120
97
195
200
77
132
136
200
109
195
58
200
200
197
178
200
200
200
60
185
115
40
127
161
134
200
187
200
130
200
200
200
58
200
200
24
200
200
72
200
200
68
200
193
200
200
200
200
47
173
200
200
200
34
200
155
75
200
