200
200
200
200
200
134
125
200
200
200
200
147
91
200
76
200
184
200
200
200
67
200
200
67
200
200
195
200
83
71
27
85
200
200
200
174
60
147
133
120
23
140
49
165
200
200
48
200
200
73
99
200
63
59
102
113
200
78
200
200
200
200
129
200
191
119
200
200
200
46
200
68
43
104
200
41
126
154
122
67
84
200
40
73
200
192
200
93
200
197
60
200
50
116
197
29
155
200
154
200
131
200
200
132
200
200
115
71
200
23
200
139
168
96
200
61
200
98
50
89
200
125
200
200
65
200
158
28
200
110
200
193
200
200
200
200
44
153
169
80
93
155
200
27
200
68
200
200
200
200
