200
193
200
200
200
200
200
200
200
77
200
200
200
115
200
200
200
200
200
93
200
200
200
200
200
200
200
200
200
200
200
200
200
185
200
200
157
105
83
200
125
200
200
200
193
170
200
106
122
200
200
200
200
99
200
200
200
188
200
200
200
200
200
200
200
200
200
200
200
200
200
200
67
200
200
64
157
200
200
51
200
200
200
172
200
200
75
200
200
200
200
97
200
200
200
92
200
200
200
200
108
200
64
200
94
200
200
200
163
101
96
200
129
146
183
175
200
200
200
200
81
174
200
136
200
200
200
200
200
200
200
144
164
68
200
200
200
200
200
200
200
148
42
200
200
94
200
200
200
200
