200
200
200
200
200
200
200
196
200
200
200
160
200
123
200
200
56
128
53
200
200
142
135
200
200
198
53
200
86
200
200
200
88
200
200
200
69
200
123
136
168
178
200
98
198
200
123
200
200
200
200
200
94
200
51
200
116
193
200
35
112
54
200
200
151
200
200
200
200
200
200
92
200
199
144
200
200
200
200
26
200
77
200
200
113
200
200
147
139
200
200
73
110
195
200
200
29
68
165
200
200
200
200
200
168
200
200
122
200
80
67
116
37
200
200
112
200
155
40
200
200
200
34
54
17
200
20
159
78
57
174
80
200
200
200
144
200
150
25
200
200
200
20
200
48
200
54
200
102
200
