200
200
200
200
200
200
200
200
200
200
200
200
200
200
200
200
200
200
158
140
200
200
139
97
151
193
200
200
157
200
105
200
200
200
182
122
49
199
200
200
200
200
112
200
164
200
118
200
200
200
200
200
200
118
98
100
24
120
135
200
200
200
200
200
191
173
200
100
200
200
149
200
200
148
125
54
85
127
162
200
107
200
200
200
200
200
200
200
111
200
168
197
200
157
113
56
200
148
48
200
166
200
34
31
65
92
37
151
157
138
102
46
81
200
200
154
137
200
200
200
99
200
88
41
200
15
83
200
76
141
200
61
55
113
136
65
200
55
21
200
200
200
91
140
200
54
166
106
200
81
