154
200
120
200
200
183
200
200
200
147
107
200
200
200
200
200
200
135
98
136
137
151
200
167
97
200
200
200
200
153
200
194
200
200
200
62
200
200
200
200
200
200
83
200
200
146
30
200
200
200
200
200
99
200
200
123
200
41
200
200
200
200
122
200
200
200
200
200
200
200
200
100
200
183
200
200
200
200
169
93
200
200
200
200
200
112
72
200
145
200
200
200
143
91
155
200
193
200
143
200
200
186
192
48
200
200
199
200
200
39
143
200
200
200
200
200
166
200
116
191
161
68
165
131
97
200
76
141
200
190
40
200
153
120
200
70
200
44
112
200
200
200
67
200
200
193
38
88
102
184
