200
200
200
106
200
200
200
200
200
200
200
200
107
200
200
200
60
175
148
200
200
200
178
200
200
114
141
200
200
139
200
141
168
200
166
174
200
200
200
200
101
200
21
200
200
200
200
115
200
200
200
19
200
185
200
65
200
200
178
200
200
200
161
200
200
200
200
104
176
200
200
160
74
107
160
175
200
143
21
157
194
122
117
200
190
200
138
165
131
200
200
17
200
200
85
165
175
200
131
44
145
141
200
200
200
169
200
145
200
165
64
200
141
200
69
147
95
200
172
160
129
200
200
81
152
200
170
180
200
200
43
200
93
200
200
200
199
55
200
200
200
200
200
200
110
191
200
177
200
200
