200
200
200
200
200
200
200
200
200
200
49
200
200
111
200
200
200
200
200
200
195
200
200
200
164
158
200
200
200
58
189
171
200
71
200
200
106
200
200
13
53
76
200
46
200
200
200
200
150
74
200
200
81
200
154
200
88
145
200
200
86
119
106
200
200
99
138
200
200
200
142
200
125
200
200
200
114
73
200
200
180
71
98
59
91
200
200
160
200
200
157
200
200
200
120
132
45
200
29
200
200
75
200
126
53
200
39
90
200
119
200
200
200
200
200
77
138
109
85
200
166
103
200
200
200
200
155
159
199
200
42
161
40
200
200
200
85
200
200
96
66
36
200
105
200
57
200
200
197
20
