200
64
114
200
167
200
38
200
200
84
28
73
103
185
117
131
200
72
200
149
39
200
146
200
200
129
104
103
36
165
63
123
200
22
200
186
21
18
200
50
200
200
58
200
200
112
123
200
20
200
200
121
200
101
200
200
112
126
139
84
200
200
121
76
200
83
138
197
184
121
200
116
107
81
103
200
56
68
97
200
136
52
75
200
64
115
43
124
178
137
76
92
157
200
200
110
44
200
200
200
124
79
200
200
200
117
152
111
64
166
200
56
55
57
87
200
107
200
200
171
158
111
86
38
181
200
200
93
118
135
141
84
200
23
200
135
21
117
146
16
128
200
125
96
95
20
95
127
149
44
