52
200
200
145
102
200
114
200
200
182
200
54
143
38
200
200
200
177
200
200
200
200
200
121
113
200
200
146
200
189
86
47
55
24
200
104
200
200
200
200
200
137
160
200
186
169
186
200
123
200
200
126
200
200
26
91
145
114
193
59
200
200
31
147
114
155
200
77
63
200
200
142
200
112
200
200
93
87
200
200
200
200
200
200
140
57
165
123
200
199
200
200
135
195
200
200
200
200
200
132
200
200
200
200
78
200
200
130
53
162
62
200
79
161
200
117
115
137
146
200
77
173
83
200
107
95
168
200
200
113
200
139
200
94
200
74
200
200
113
93
200
200
140
181
169
166
107
88
200
200
