200
200
200
188
200
81
194
200
200
200
134
200
59
190
200
39
96
76
200
200
200
195
200
200
56
200
179
200
200
200
200
170
200
85
200
69
200
69
70
82
32
109
115
191
200
194
200
120
40
40
88
118
25
200
200
200
40
200
200
173
200
120
110
200
57
200
200
200
200
200
200
123
29
27
85
200
157
178
200
73
200
134
200
86
89
122
60
200
39
106
200
175
44
72
136
73
194
79
44
179
200
200
200
183
200
167
200
200
64
200
200
173
130
200
200
123
200
119
129
200
200
200
173
54
182
86
200
200
200
51
44
200
200
200
200
184
122
31
200
69
77
200
200
35
128
200
200
79
200
200
