200
121
200
200
66
115
200
200
200
200
200
52
200
200
171
134
200
200
159
157
141
200
131
169
200
200
174
160
133
200
136
174
163
121
200
200
187
113
200
200
200
200
127
200
200
200
200
100
200
200
200
200
200
200
200
147
145
128
97
200
200
200
200
200
200
200
52
88
200
200
143
101
185
15
189
87
67
200
200
132
69
157
82
200
200
85
136
60
193
134
185
168
101
83
200
200
200
141
200
92
200
200
200
200
200
61
200
200
118
200
200
72
114
200
200
50
200
114
56
38
60
87
112
73
200
151
64
85
200
126
200
117
117
38
196
137
200
200
200
200
126
47
85
200
167
200
172
200
131
200
