200
200
200
200
121
200
200
200
200
200
200
150
118
200
105
144
150
200
200
200
48
119
147
200
85
200
94
200
200
174
37
200
30
74
200
200
200
200
59
197
97
200
200
200
200
117
200
200
134
130
200
97
57
125
114
200
200
200
124
200
155
200
62
86
200
44
200
200
86
123
200
106
24
34
34
163
118
200
200
20
58
129
200
135
110
139
53
21
82
66
185
166
186
128
24
200
200
31
113
200
200
200
75
84
200
58
22
200
90
65
116
126
200
79
119
104
200
48
200
110
107
200
41
57
200
85
200
67
148
85
200
101
200
46
200
68
138
200
200
200
45
47
57
121
200
79
27
65
107
54
