200
200
200
185
71
200
106
200
83
200
109
200
84
62
165
60
194
138
190
200
200
200
200
30
137
200
200
200
195
200
200
98
193
41
137
200
200
200
74
200
75
138
56
200
200
200
185
200
200
200
89
150
200
200
184
116
200
195
200
200
168
200
200
200
200
200
99
200
200
161
200
200
35
102
200
200
149
200
34
76
200
52
200
135
200
75
200
200
76
200
200
200
200
33
200
200
119
196
103
200
200
125
200
18
200
144
200
200
113
28
200
200
200
90
200
110
200
90
12
26
66
73
38
200
66
200
200
200
28
200
71
45
91
147
31
200
118
98
142
200
36
48
185
67
13
200
36
200
76
200
