200
200
200
200
200
200
200
200
200
200
200
200
98
200
114
200
200
200
200
200
146
190
124
159
200
200
200
200
200
127
200
95
200
69
200
63
146
93
200
200
66
200
200
200
200
68
200
200
200
200
200
200
200
61
95
142
200
200
69
200
200
200
200
200
77
88
75
104
200
136
107
200
200
84
113
76
109
133
90
200
39
52
81
200
200
160
98
200
200
55
101
95
200
200
190
200
56
56
200
25
136
200
200
200
160
200
200
104
98
168
200
85
86
157
149
119
200
128
200
79
200
109
200
200
120
158
200
200
200
179
200
200
72
148
200
176
200
200
74
200
200
200
200
186
96
160
200
187
200
133
