200
200
200
180
200
200
200
89
175
200
200
200
200
128
200
200
98
82
200
200
81
101
126
200
200
170
200
200
84
200
163
70
200
200
200
103
35
200
200
42
102
134
200
200
197
59
33
119
35
153
163
200
164
200
82
200
200
118
200
152
61
200
200
200
165
39
142
200
130
157
193
200
200
17
122
200
200
148
48
24
200
200
71
200
200
200
200
68
200
139
200
85
200
200
200
200
45
200
152
200
151
104
200
200
53
200
57
131
200
79
95
200
200
200
200
100
200
200
200
139
200
200
71
200
103
200
200
96
200
44
154
38
26
45
200
200
73
200
200
145
150
157
164
163
200
155
171
65
132
191
