200
200
200
98
200
175
200
122
47
155
165
194
200
83
143
63
200
200
172
142
200
101
200
56
166
132
200
194
130
200
200
200
83
199
126
200
85
200
185
86
200
200
98
164
87
200
200
189
149
75
200
143
200
200
70
131
65
200
66
200
200
200
200
200
181
155
46
49
86
151
164
56
165
124
70
122
154
83
105
84
200
200
89
136
200
200
200
200
200
82
81
200
200
39
200
101
98
200
200
44
200
91
75
89
64
200
180
151
200
200
60
33
40
200
200
74
200
200
200
200
200
200
172
200
132
200
27
200
165
50
74
144
200
179
198
191
184
200
200
200
158
130
68
198
71
200
111
200
28
81
