200
200
200
200
26
200
106
200
200
54
127
200
200
200
200
200
170
186
200
139
31
200
183
54
122
143
200
200
105
142
200
143
200
148
161
81
106
200
143
64
130
200
59
200
55
101
200
200
200
200
200
200
41
200
200
200
62
200
200
91
200
200
173
135
200
200
176
174
200
200
200
112
142
200
200
200
132
200
200
200
200
138
200
55
200
99
80
63
83
69
200
61
200
38
127
56
200
57
200
200
200
200
45
200
39
69
200
200
200
200
200
49
182
60
94
99
181
200
200
194
200
200
200
131
62
200
22
200
36
200
200
181
110
200
110
71
153
200
200
200
200
200
85
133
102
37
20
200
61
89
