200
200
200
200
200
200
200
200
200
200
56
196
200
200
200
58
200
151
73
89
104
61
50
200
200
200
200
193
193
200
200
200
200
100
200
200
62
142
40
94
200
200
183
42
176
131
52
200
200
59
118
200
174
25
101
200
148
200
200
200
69
200
200
200
148
200
22
163
200
160
100
100
175
200
51
84
200
200
171
200
200
53
200
200
67
200
112
200
132
200
176
121
71
200
200
165
200
200
94
200
84
200
70
200
200
200
72
120
200
91
42
132
57
200
83
200
95
127
200
200
200
200
83
139
200
76
200
200
198
97
80
97
200
116
52
83
200
37
200
151
200
200
104
74
200
200
59
105
193
134
