200
200
133
200
71
113
115
200
83
150
200
200
42
13
200
200
200
200
200
200
200
200
200
149
200
200
200
200
200
200
200
181
35
89
82
147
17
200
200
200
158
186
200
100
130
200
200
56
149
200
85
90
200
200
123
200
139
186
200
33
200
200
133
200
200
24
85
40
200
50
41
198
200
200
140
200
145
200
63
200
200
75
55
200
200
200
133
90
200
200
200
200
85
57
104
137
91
83
200
62
200
33
127
38
115
95
155
200
62
200
200
200
56
32
124
67
53
24
200
100
130
77
200
124
184
149
200
63
160
200
80
43
179
200
119
200
200
174
200
200
167
200
200
200
43
129
89
151
200
200
