200
200
200
200
200
200
200
200
200
200
200
98
200
200
200
200
200
200
200
200
200
200
200
200
200
121
200
200
200
178
121
115
200
200
200
200
24
200
129
200
125
35
70
200
200
114
200
49
200
200
200
200
140
200
200
200
84
200
88
200
200
200
200
200
26
200
84
107
200
200
135
200
200
133
108
200
200
200
153
200
200
200
200
43
200
137
58
200
65
200
200
155
25
200
82
196
178
200
200
167
200
200
109
136
200
200
200
200
200
200
161
200
86
128
200
200
122
200
200
200
78
42
200
200
200
200
196
200
200
100
76
200
24
69
150
200
200
197
200
100
100
200
177
200
89
19
200
200
47
103
