200
200
200
200
200
200
200
200
200
200
190
170
200
200
200
200
200
200
185
200
70
200
68
200
200
200
200
200
118
200
194
58
103
178
191
200
200
46
96
45
119
200
90
200
155
58
67
200
200
115
200
132
200
200
200
200
82
200
97
113
190
38
179
98
200
200
197
169
200
200
44
68
46
200
112
200
122
124
145
85
200
145
47
200
110
200
200
139
200
40
152
200
200
200
46
200
143
142
200
72
200
172
200
200
200
107
200
200
33
200
200
200
200
42
123
63
200
200
200
200
101
123
200
46
134
200
65
101
88
200
200
200
200
200
200
199
63
169
200
88
80
111
200
136
83
161
90
200
149
84
