200
200
200
123
200
200
200
157
200
200
32
200
97
200
73
75
110
141
34
200
141
200
200
200
123
64
180
199
200
103
200
100
106
200
200
200
200
200
145
200
74
200
200
200
200
175
43
200
164
200
200
200
146
200
200
127
42
103
54
200
77
200
200
200
68
169
200
98
36
139
54
200
200
200
200
200
200
200
172
200
200
125
200
199
200
200
200
200
123
200
74
107
200
176
97
186
200
200
200
200
101
86
200
187
200
50
99
200
200
200
200
200
94
200
186
200
200
200
200
200
200
60
110
200
200
200
200
200
104
141
200
200
200
200
73
200
200
43
200
192
200
109
100
200
200
75
88
200
75
127
