200
200
200
200
200
96
109
200
87
53
44
122
200
152
184
140
68
168
44
54
200
169
60
68
141
122
189
200
30
200
23
27
180
200
44
123
200
200
200
200
200
133
200
200
200
59
172
61
92
99
200
127
39
200
200
200
200
200
200
200
200
121
136
200
200
173
200
117
200
200
190
102
110
200
133
200
164
51
200
55
200
134
200
200
45
74
200
91
79
85
200
200
200
32
119
200
89
200
200
200
156
169
58
200
53
180
200
164
200
200
106
171
98
94
200
200
51
166
200
73
200
80
164
200
171
200
70
200
159
168
200
74
200
35
19
110
200
61
200
49
51
200
68
35
200
130
143
200
159
198
