200
200
200
114
200
121
200
200
200
103
200
200
200
68
200
200
200
47
25
200
200
130
200
53
200
30
200
200
40
76
130
131
94
200
200
67
56
200
183
149
80
200
200
74
200
200
200
97
53
200
200
72
130
200
181
97
49
200
114
200
200
200
200
82
200
200
117
159
166
200
200
200
43
70
108
200
153
57
200
184
200
200
136
108
200
195
87
200
190
200
123
200
105
91
200
200
41
200
200
200
200
200
200
200
95
200
200
170
168
87
200
200
172
200
200
71
55
200
169
200
41
200
200
56
110
200
200
180
189
200
100
200
111
100
128
71
107
195
158
200
181
124
200
200
200
186
131
200
155
100
