191
120
131
200
200
200
200
200
200
134
137
200
75
200
54
145
200
148
116
200
200
200
200
200
200
182
67
200
200
67
174
94
114
200
200
155
84
200
39
152
200
154
200
200
184
200
200
97
56
200
78
137
174
114
191
200
132
39
200
200
200
200
200
102
200
141
109
147
200
200
200
200
200
82
200
157
200
200
195
200
52
200
128
103
157
200
26
89
200
185
47
200
200
200
200
200
89
152
138
94
200
168
30
200
104
194
112
200
200
181
200
200
200
90
161
109
71
200
71
108
200
200
200
180
139
200
61
121
200
200
69
106
73
196
76
102
200
200
200
200
122
73
106
104
200
200
200
200
200
200
