200
200
200
200
200
200
200
200
200
200
200
200
200
177
200
144
74
200
142
200
63
200
156
200
200
200
200
200
200
200
200
200
23
200
200
200
127
99
200
87
87
200
109
200
200
200
200
200
200
106
144
111
200
200
45
200
200
200
70
200
69
93
142
165
200
200
98
200
200
82
200
200
200
112
200
200
200
200
126
141
200
136
28
200
159
200
48
200
200
200
200
162
200
200
119
200
165
200
63
200
199
66
169
200
200
200
136
97
200
200
200
200
200
86
108
105
98
200
200
200
60
200
200
40
116
127
200
118
200
114
130
139
85
200
106
200
106
87
99
176
200
200
125
200
200
197
32
200
26
113
