200
200
60
106
54
180
110
109
200
177
200
38
200
200
200
192
164
200
200
200
200
156
86
151
200
200
200
34
69
102
200
200
200
124
20
200
200
200
48
155
200
37
149
136
200
114
200
200
200
200
102
75
103
34
92
200
65
136
200
116
200
200
200
200
97
200
200
200
200
200
13
200
120
53
163
42
200
33
200
151
200
29
80
36
200
200
200
200
200
200
200
115
31
200
75
200
200
200
200
86
200
139
200
200
200
200
148
153
200
200
27
200
115
200
94
200
200
200
185
200
200
16
26
200
87
27
200
127
58
200
68
200
63
200
123
34
200
34
56
45
200
200
118
145
16
200
159
200
200
24
