200
200
200
200
200
200
200
200
200
200
200
200
200
200
200
200
200
200
200
200
200
200
200
200
200
200
200
107
200
200
200
200
200
42
200
200
178
200
200
200
200
200
168
160
69
200
200
200
200
200
90
200
200
84
200
200
200
200
200
171
200
200
136
183
48
200
200
97
150
200
200
200
200
200
89
43
200
200
182
200
200
200
173
158
43
200
150
32
200
189
176
200
200
69
200
155
192
200
200
188
200
115
200
200
200
119
200
74
111
78
118
199
200
200
181
68
200
138
44
200
200
167
78
31
200
112
200
200
113
200
200
76
200
122
200
160
62
91
85
86
200
200
142
185
200
200
200
200
159
161
