81
180
200
200
200
200
200
200
200
200
200
200
79
200
200
200
200
200
200
200
200
200
200
200
200
200
200
200
200
200
17
28
200
200
200
200
200
200
200
200
200
200
200
200
200
200
200
26
200
200
200
200
200
200
200
18
27
200
26
200
200
200
200
200
200
200
200
200
200
200
200
200
200
200
200
200
200
200
32
200
200
200
200
200
200
200
200
200
200
200
200
200
200
200
200
200
200
200
200
200
200
200
200
200
200
200
200
200
200
200
200
200
200
200
200
200
200
200
200
200
200
200
200
200
200
200
200
200
200
200
200
200
200
200
200
200
200
200
200
200
200
200
200
200
200
200
200
200
200
200
