200
108
200
200
97
200
200
200
47
149
142
200
200
200
200
200
200
100
200
200
200
115
200
200
200
200
200
200
200
200
130
200
200
200
200
200
200
200
200
200
200
200
87
97
200
158
150
97
79
171
200
122
200
200
81
200
69
170
200
200
120
28
200
69
68
11
115
200
175
192
200
121
198
39
44
116
78
51
119
133
78
51
101
113
189
95
30
59
13
30
23
33
61
23
49
74
184
64
19
75
70
13
64
52
35
62
64
20
73
14
68
31
40
38
39
20
47
13
66
41
23
63
34
42
21
56
51
41
81
17
9
21
25
10
37
23
16
10
30
82
23
15
37
60
61
64
20
23
22
33
