200
200
200
200
200
200
183
200
88
191
28
200
68
200
200
200
200
200
65
200
200
200
170
200
200
48
200
200
44
24
200
200
115
200
189
115
200
200
50
200
134
200
166
200
117
56
200
90
200
72
140
200
50
154
200
41
200
200
87
32
57
200
74
200
200
37
87
200
68
200
130
200
200
27
130
200
52
190
200
43
200
86
147
109
73
15
42
177
26
36
139
31
83
19
141
65
200
133
122
105
200
200
17
91
200
43
200
115
20
140
30
62
11
115
131
11
86
200
45
52
68
33
20
48
37
97
114
27
36
33
20
11
31
12
15
86
30
48
19
30
40
30
11
11
96
14
51
61
59
35
