200
200
200
200
200
200
200
200
200
200
200
200
200
200
200
200
200
200
200
200
200
200
200
200
200
200
200
200
200
200
145
200
200
200
25
168
81
200
200
76
14
124
200
200
160
200
200
200
200
151
102
107
68
151
200
62
66
70
142
42
197
42
88
36
151
200
78
92
167
71
200
79
16
42
90
28
200
100
132
23
117
198
176
48
58
113
129
180
66
188
14
69
189
129
33
29
85
98
98
15
13
50
41
200
81
17
57
91
64
40
57
18
34
63
55
24
56
67
47
84
45
42
17
14
15
54
96
43
12
12
67
55
34
81
34
30
25
40
31
23
25
14
17
24
14
12
21
70
22
31
