200
200
200
200
200
200
200
200
200
200
143
200
200
200
200
200
200
182
66
200
200
200
170
162
72
200
73
200
200
140
61
200
200
200
41
200
116
53
200
200
65
127
47
99
200
143
200
167
200
200
91
200
200
200
200
28
72
69
81
105
133
112
98
111
44
100
60
116
152
200
150
93
200
200
172
200
185
49
161
77
82
57
14
98
106
144
200
200
200
200
76
166
22
200
200
200
64
41
178
56
200
200
200
132
200
37
18
153
22
62
89
107
200
200
200
96
55
200
200
27
77
200
38
200
45
200
128
64
200
56
200
64
200
35
18
185
200
183
87
179
200
19
101
153
200
132
108
200
52
77
