200
200
188
200
200
200
200
200
200
200
200
200
200
200
200
200
200
200
200
200
200
200
200
200
200
200
200
200
200
200
200
200
200
200
200
200
16
200
200
52
200
200
200
200
200
200
200
200
200
200
200
200
200
200
200
200
200
200
200
200
200
200
16
200
200
200
200
200
200
200
200
200
200
200
200
200
200
200
200
200
200
200
200
200
200
200
200
200
200
200
200
200
200
200
200
200
15
200
200
200
200
200
200
200
200
200
200
200
200
200
200
200
200
200
200
13
200
200
200
200
200
200
200
20
200
200
20
200
200
200
200
200
200
200
200
200
200
200
200
200
200
200
200
200
200
200
200
17
200
200
