149
38
150
200
178
200
54
200
200
78
166
200
200
200
200
200
122
200
200
200
34
200
182
53
73
188
200
74
138
200
98
185
200
115
122
21
200
200
138
200
200
200
107
200
83
200
200
141
200
200
98
200
200
200
200
200
200
200
200
200
200
200
200
200
200
200
123
200
200
200
200
200
200
200
200
200
200
200
200
200
200
200
200
200
200
200
200
200
200
17
200
200
10
200
200
200
200
200
200
200
200
200
200
200
16
200
200
200
200
200
200
200
200
200
200
200
200
200
200
200
200
200
200
21
200
200
200
200
200
200
13
200
200
200
132
200
175
191
125
74
113
113
79
187
200
100
65
144
23
63
