200
200
200
200
200
120
200
200
200
200
200
200
200
200
200
200
96
200
200
200
200
200
152
200
200
200
93
200
200
200
200
200
200
200
200
200
200
200
200
91
200
200
158
64
50
163
200
188
164
106
114
91
200
66
60
30
64
85
114
12
23
31
85
28
65
165
118
144
104
31
22
40
57
69
161
19
67
141
91
48
25
21
22
92
62
34
29
56
56
71
40
42
56
33
23
100
35
11
58
39
48
18
30
58
28
62
33
117
55
31
22
21
32
27
15
23
66
20
19
18
73
11
112
45
18
24
97
26
48
16
78
21
47
27
43
83
100
19
84
44
18
22
23
24
29
48
18
51
20
19
