200
200
200
200
200
200
200
200
195
200
200
200
200
200
200
200
92
200
200
179
200
200
200
200
200
200
31
200
200
62
200
194
200
200
197
200
152
200
200
76
200
124
200
180
32
70
200
200
47
200
200
23
174
15
200
142
200
200
32
200
68
200
129
200
200
79
138
172
200
200
109
139
200
77
200
200
200
86
51
110
163
200
142
200
200
32
200
62
98
153
200
150
158
200
10
200
100
14
200
200
200
37
200
42
42
90
112
36
76
37
17
186
85
54
149
20
176
35
12
39
64
200
36
146
28
136
200
30
31
57
200
200
77
48
36
35
200
55
198
29
101
60
109
80
30
54
101
76
59
189
