200
59
200
37
200
200
78
200
91
200
200
60
200
200
200
200
200
200
174
175
19
200
77
200
200
128
200
109
200
200
34
200
156
200
200
58
200
132
113
200
71
113
92
94
42
52
141
103
72
200
116
150
200
62
43
101
63
42
200
200
56
56
188
200
150
200
76
126
200
168
35
200
200
57
168
79
27
104
200
27
132
122
13
70
49
200
75
200
78
137
99
75
92
143
80
86
172
45
32
155
17
143
200
121
102
86
146
18
91
34
29
19
53
200
72
16
66
34
54
70
70
66
123
21
99
23
60
21
39
96
12
36
72
35
200
48
29
79
32
88
15
52
101
14
34
30
41
88
17
9
