151
110
200
24
127
200
75
200
200
200
200
200
200
29
149
195
139
151
200
178
200
63
74
76
72
192
92
200
136
46
200
32
200
65
200
119
59
161
193
38
200
200
98
130
135
125
91
45
38
34
80
53
45
88
30
94
200
200
46
112
122
54
117
61
197
200
51
200
200
82
125
124
72
72
64
31
98
200
170
47
200
93
142
200
59
57
138
19
200
197
51
157
56
66
48
113
38
200
38
184
76
79
191
39
20
59
31
71
22
21
162
95
147
68
144
154
162
37
33
25
61
176
193
59
85
45
59
40
200
35
48
160
125
87
22
83
153
43
46
53
96
26
200
56
31
119
38
37
101
43
