200
101
200
200
200
144
200
130
102
114
200
147
200
44
200
90
184
200
134
200
56
157
35
36
138
200
200
113
40
200
200
200
154
145
200
17
81
200
97
200
200
126
200
50
109
24
182
200
200
144
200
200
200
200
9
200
200
200
47
28
81
200
26
58
71
51
200
15
200
56
14
146
123
56
33
32
32
143
18
82
131
182
99
29
22
124
27
23
105
165
37
50
78
42
117
85
94
200
17
23
33
33
83
79
47
52
150
200
25
84
58
111
24
43
16
97
19
12
49
27
10
51
109
27
69
51
25
24
24
16
64
56
26
44
23
93
49
38
61
86
38
54
12
103
22
107
16
49
23
53
