200
200
200
200
200
200
200
200
200
200
200
200
200
200
200
200
200
200
200
200
200
200
200
200
200
200
200
200
200
200
200
200
200
200
200
200
157
200
157
200
200
78
200
29
200
37
200
200
200
200
150
200
25
193
200
200
88
200
200
200
200
152
200
200
200
193
200
200
200
200
200
200
200
200
39
200
104
15
190
200
200
200
200
200
200
171
55
200
200
200
100
200
48
172
200
85
200
188
200
136
200
200
200
151
200
156
200
149
148
200
200
15
191
200
73
76
200
200
200
200
200
200
200
200
67
200
37
200
200
200
144
181
72
80
54
57
200
124
117
95
94
138
200
90
200
46
134
200
134
200
