200
200
200
200
200
200
200
200
200
200
200
200
200
200
184
200
200
186
200
200
200
200
200
200
188
198
200
46
200
200
200
200
189
200
75
200
200
200
61
200
200
200
200
200
200
200
200
68
200
200
200
200
200
200
200
200
200
200
200
200
200
200
200
200
200
200
200
200
200
200
200
200
200
200
200
200
200
200
200
200
200
200
200
200
200
200
200
200
200
200
200
200
200
200
200
200
200
200
184
200
200
89
62
128
200
200
61
200
127
160
54
200
200
200
200
200
200
200
200
200
200
200
200
70
200
200
200
200
200
200
200
200
200
200
200
200
200
76
173
200
200
200
200
200
200
200
200
123
185
200
