200
200
200
55
179
200
200
200
49
159
200
192
200
200
63
200
200
200
200
200
200
200
87
200
39
172
200
109
200
200
200
129
26
123
196
200
104
200
200
200
23
200
200
47
200
200
200
200
200
33
165
61
200
37
62
200
115
200
97
65
71
81
154
172
86
163
179
26
48
131
42
26
25
42
33
93
118
137
37
20
59
117
56
63
57
94
166
77
141
27
67
54
41
92
33
15
109
59
86
21
52
44
15
75
92
17
28
61
54
58
29
111
32
44
27
153
28
25
20
24
29
47
27
19
18
42
26
59
19
25
52
30
22
9
16
20
53
38
13
18
42
43
51
19
18
35
31
35
34
20
