200
200
200
200
200
200
200
66
69
116
144
55
200
200
200
200
200
153
129
200
200
200
132
200
177
200
200
200
200
200
125
200
200
200
66
200
44
200
200
200
200
200
200
200
200
200
200
200
200
200
200
200
200
200
200
200
200
200
200
200
200
200
200
200
200
200
200
200
200
200
200
200
200
200
200
16
89
200
200
200
200
200
200
200
200
200
200
200
200
200
200
200
200
200
200
200
200
200
200
200
200
200
200
200
200
200
200
200
200
200
26
200
200
200
93
200
53
200
87
200
45
200
200
200
200
66
200
200
200
200
200
200
200
200
200
200
200
200
200
200
46
200
200
200
200
200
200
200
200
200
