200
200
200
200
200
109
200
200
200
200
200
149
200
145
200
57
104
101
200
200
200
90
27
34
200
92
200
137
161
113
200
174
113
125
76
31
133
86
200
200
59
108
124
93
74
51
55
136
21
131
64
200
25
48
40
56
30
80
102
18
99
11
66
46
16
28
70
46
58
52
77
20
53
125
25
57
193
57
26
72
90
26
16
108
42
43
61
34
45
45
33
38
118
29
32
42
40
48
88
21
47
91
191
111
45
45
53
149
39
55
38
39
57
16
53
137
20
122
119
72
137
91
129
57
41
27
58
29
21
55
43
22
59
12
67
62
50
38
33
45
80
40
24
52
39
36
55
39
36
42
