200
200
200
200
200
200
200
200
200
200
200
200
200
200
200
200
200
161
200
185
200
200
200
200
179
200
183
200
200
200
200
200
200
200
181
200
200
137
200
200
200
200
200
103
122
200
200
147
200
175
200
113
145
200
200
154
90
154
145
72
99
162
200
200
142
200
200
200
200
200
200
200
98
173
154
200
170
200
200
46
25
114
156
200
200
200
193
52
200
180
200
200
46
87
200
200
200
148
200
154
200
125
200
200
104
200
200
200
200
200
197
85
200
161
200
200
107
35
131
110
200
35
119
69
200
200
157
199
200
200
200
200
145
36
118
200
200
200
76
131
200
103
53
42
200
44
123
152
41
192
