200
200
200
200
200
200
190
200
200
200
200
155
200
200
200
200
200
200
52
200
200
200
200
200
200
200
200
200
200
200
200
200
200
200
200
200
200
200
200
200
200
200
200
200
200
16
200
200
200
200
27
200
200
200
200
200
200
200
200
200
200
200
40
200
200
200
200
200
200
200
200
200
200
200
200
200
200
19
200
200
200
200
200
200
200
200
200
200
200
200
200
200
200
200
200
200
200
200
200
200
200
200
200
200
200
200
200
200
200
200
200
200
200
200
200
200
200
14
200
200
200
200
200
200
200
200
200
200
200
200
200
200
200
200
200
200
200
200
200
200
200
200
200
200
200
200
200
200
200
200
