200
200
200
200
200
200
200
200
83
200
200
176
200
200
200
200
200
200
200
200
200
200
200
200
200
200
200
185
200
200
200
99
200
186
66
83
84
200
131
200
184
116
152
29
131
200
99
175
181
60
21
200
23
200
125
144
200
43
141
106
135
61
164
155
37
25
53
76
55
32
47
200
33
47
55
94
33
89
45
21
33
43
69
67
155
67
117
44
100
46
59
63
30
75
33
36
21
37
46
52
10
23
19
33
81
27
28
132
46
49
29
60
19
44
64
37
48
47
47
20
58
34
25
39
38
23
75
24
24
25
25
64
49
36
24
38
59
18
119
54
21
48
18
34
31
28
40
22
45
98
