200
200
200
200
200
200
200
200
180
200
200
156
200
200
200
200
200
200
200
96
200
84
200
199
200
119
200
120
200
153
200
71
128
200
118
200
200
200
200
200
200
200
86
200
200
200
163
155
31
200
135
200
141
200
183
91
200
199
60
51
92
109
49
111
142
46
99
41
80
49
109
200
200
24
43
107
49
96
172
28
30
97
105
41
34
31
49
78
37
67
23
171
147
107
73
45
81
18
51
104
50
55
99
105
23
27
38
69
49
28
20
124
42
41
200
37
62
135
39
199
26
110
87
118
48
40
19
26
123
31
39
57
19
49
71
87
57
17
79
29
61
81
16
68
32
23
30
49
29
18
