200
200
200
200
188
200
200
200
200
200
200
200
200
200
200
200
200
200
200
200
200
200
200
138
200
200
200
200
89
200
200
200
200
200
200
200
200
88
200
200
200
200
200
200
200
200
200
200
200
200
200
174
200
200
200
76
200
200
200
200
200
200
200
200
200
200
200
200
200
200
200
200
200
200
200
198
200
159
200
26
52
45
29
162
52
38
20
116
63
48
88
92
42
68
76
109
34
63
30
32
44
38
198
44
124
28
69
22
58
92
98
39
55
33
35
119
78
51
24
47
47
40
49
27
14
23
34
23
43
38
72
86
31
25
28
61
21
43
67
73
40
64
30
54
22
25
130
23
111
73
