200
200
200
200
200
20
200
200
200
122
180
200
200
200
108
200
183
200
200
200
200
200
200
200
106
200
200
200
200
200
200
200
200
200
200
200
163
106
10
200
114
200
171
41
51
123
200
60
77
176
183
55
199
154
200
108
200
46
200
200
63
200
68
157
200
200
200
177
200
146
15
200
200
34
78
16
200
200
200
28
98
183
53
179
200
122
12
41
40
176
85
55
12
100
43
52
48
200
107
192
86
51
200
91
17
47
66
25
69
59
20
157
39
22
17
77
20
85
103
89
47
24
16
170
47
27
109
42
58
10
11
63
17
35
55
41
27
200
53
42
18
48
148
37
60
31
21
12
59
65
