200
200
200
200
200
200
200
200
200
200
179
200
149
200
200
150
200
200
200
150
200
200
200
200
113
200
59
200
200
200
135
200
200
200
200
200
200
128
101
48
196
200
179
200
200
200
200
34
102
160
200
63
200
200
74
200
200
147
113
159
200
200
67
200
137
180
84
137
200
90
143
116
104
159
79
200
96
200
200
200
200
200
145
200
95
200
128
200
200
200
180
200
200
200
102
135
200
33
156
200
200
200
200
200
200
200
200
200
147
200
200
96
200
200
200
200
200
161
200
200
200
200
200
164
200
200
200
200
200
171
95
200
200
114
200
106
200
200
114
43
200
57
200
152
200
101
151
200
200
200
