200
200
200
200
200
200
159
200
200
200
200
200
200
200
200
200
200
200
200
200
200
140
200
94
200
200
200
200
200
200
200
200
165
200
200
200
200
200
110
200
200
124
191
200
200
80
200
37
200
200
134
42
200
149
200
200
200
162
200
98
33
142
111
42
89
200
200
200
107
118
200
200
55
200
200
200
92
112
81
83
80
77
105
97
37
86
34
169
176
28
154
28
67
101
17
30
28
17
59
36
31
27
30
54
44
39
200
19
22
32
59
79
62
41
23
31
30
28
48
46
21
42
112
18
24
23
55
30
23
14
91
31
20
76
34
23
64
11
14
21
13
39
47
21
63
34
34
45
20
24
