117
200
200
171
200
200
200
200
200
200
200
200
200
200
200
152
63
200
200
200
200
200
92
200
200
200
200
200
101
51
80
200
200
200
124
200
200
152
200
200
200
188
200
183
200
96
124
200
73
84
200
200
116
200
133
183
200
200
154
200
200
98
200
200
93
194
104
200
139
50
200
200
200
200
200
116
122
20
200
200
101
200
82
200
105
200
76
167
126
192
110
200
168
47
200
200
200
200
154
48
200
200
200
79
200
65
200
158
200
145
145
200
200
200
46
200
200
39
200
200
132
200
46
131
200
181
127
200
200
200
98
200
200
174
200
191
96
51
200
200
132
105
178
23
116
64
173
20
200
200
