200
200
200
200
200
200
200
77
200
200
200
200
200
200
195
83
200
200
200
200
200
200
200
200
200
165
200
200
156
200
200
200
77
200
200
200
200
200
65
200
28
200
175
44
200
92
200
200
200
200
83
200
200
57
200
200
200
200
200
200
96
73
64
200
200
200
195
200
200
200
71
15
60
200
98
90
200
47
169
25
21
122
150
118
200
200
200
124
200
102
142
55
200
41
132
135
104
100
109
31
81
172
200
200
92
90
44
159
20
66
53
200
36
40
132
77
200
30
131
57
108
138
139
52
146
48
200
87
29
186
103
93
50
72
60
59
200
172
51
79
200
28
53
60
200
90
17
78
55
75
