200
200
200
200
200
200
200
200
200
200
200
200
200
200
200
200
195
198
113
46
164
200
200
200
200
200
200
90
181
200
200
109
200
74
200
200
158
149
93
142
200
200
200
132
200
190
200
87
193
186
145
200
200
200
200
200
200
200
200
200
200
200
200
200
200
200
181
141
100
200
200
200
52
200
179
128
79
102
200
200
200
62
200
200
150
51
87
64
130
180
60
16
200
111
112
200
164
46
70
100
26
67
168
200
200
48
28
200
29
39
57
106
18
145
27
26
88
111
38
56
82
160
43
22
200
69
54
48
31
20
197
123
86
26
56
40
26
30
29
29
16
131
200
58
139
40
32
43
182
22
