200
200
200
200
200
200
200
200
200
200
200
200
171
200
200
200
200
200
200
200
132
200
200
200
200
200
200
200
95
200
200
200
200
200
200
200
106
200
200
200
200
153
200
200
200
200
200
200
95
136
132
116
200
111
48
102
200
200
200
200
200
100
76
200
200
102
200
200
200
66
200
86
200
197
78
104
49
133
149
138
193
98
200
14
200
102
54
42
43
33
34
57
70
74
43
62
136
200
31
23
92
29
31
27
182
200
59
20
196
69
33
25
34
41
78
37
32
65
17
18
22
55
57
52
43
13
92
30
52
30
200
27
36
17
45
63
146
19
33
25
23
88
23
66
15
57
27
100
26
39
