200
200
200
200
61
189
162
200
200
162
200
200
200
200
200
200
200
200
123
58
200
200
61
200
200
200
200
200
116
200
200
200
200
200
200
200
200
200
200
200
181
200
200
142
200
86
198
50
200
60
142
200
200
200
200
200
105
140
200
200
200
200
155
200
121
200
93
200
178
200
200
200
200
200
55
196
187
138
109
200
81
200
200
200
200
83
66
200
200
200
96
200
200
131
150
200
137
140
137
200
188
200
200
200
200
200
141
87
88
200
84
91
85
200
200
23
145
200
200
37
153
123
171
121
174
188
200
200
79
200
55
200
200
200
200
112
142
200
65
200
20
200
200
184
200
117
141
126
200
200
