200
200
200
200
200
194
174
200
200
200
200
174
200
70
200
155
200
66
200
200
200
200
200
200
200
200
200
200
52
167
200
200
200
200
200
191
200
200
62
69
200
200
134
85
200
200
200
200
200
200
186
22
45
59
107
200
200
200
200
200
200
200
151
161
200
53
44
133
200
200
200
200
200
119
200
43
119
83
79
192
200
83
128
200
89
174
200
96
147
106
41
102
200
200
200
163
51
88
111
24
200
200
58
200
200
200
200
118
200
78
200
200
133
95
29
78
200
114
43
74
170
19
29
96
72
121
75
66
64
200
65
43
200
30
117
188
92
56
79
83
62
200
200
145
187
42
166
122
36
200
