200
200
200
200
200
200
200
200
200
200
200
200
200
179
200
200
200
200
198
200
200
200
200
200
200
200
200
200
200
200
200
200
200
200
200
200
200
200
200
200
93
200
200
200
136
200
117
55
200
85
200
200
141
200
130
200
61
200
103
106
200
110
200
200
200
200
200
110
44
172
190
29
134
200
200
200
94
200
200
98
121
200
157
75
200
200
124
86
200
200
200
200
100
53
124
72
200
87
200
191
200
200
200
200
200
200
200
98
200
38
200
193
182
200
82
26
70
200
200
200
200
200
200
92
91
200
200
200
200
139
200
200
200
200
138
200
112
52
15
200
200
200
200
200
200
200
183
120
87
200
