200
200
200
200
89
200
200
200
200
200
200
111
200
200
200
200
200
200
200
200
170
200
200
118
200
200
200
162
200
99
147
200
200
104
86
200
200
103
192
200
137
200
143
200
200
120
200
200
200
135
106
200
76
200
181
69
70
79
101
200
93
51
53
200
40
113
200
174
200
113
66
37
79
106
54
120
39
50
130
200
105
96
74
200
200
70
163
166
200
63
41
84
108
11
71
62
19
91
34
16
16
86
45
62
20
70
48
69
94
17
200
25
46
200
52
31
61
16
45
47
34
20
23
20
64
31
33
31
41
22
34
29
32
24
200
12
23
45
148
24
26
66
53
62
30
24
18
200
24
76
