200
200
200
200
200
168
200
77
200
200
185
200
200
200
200
200
143
200
200
200
197
200
200
200
200
200
200
128
189
106
200
140
117
200
200
200
200
200
200
196
200
200
80
197
136
74
200
200
81
31
114
101
60
200
200
61
39
167
200
45
97
77
200
82
55
29
31
57
200
200
200
45
75
37
43
124
200
29
200
66
200
200
66
32
28
52
33
31
177
27
58
133
127
17
31
200
53
64
200
68
200
25
200
156
118
49
37
22
140
200
25
173
128
122
26
85
32
29
200
23
67
93
34
54
53
28
200
143
55
45
21
200
69
23
200
31
38
72
21
41
20
29
12
33
20
23
15
73
58
192
