200
200
200
200
200
200
200
200
200
200
200
200
200
200
176
200
200
200
200
200
200
175
200
200
200
200
162
200
108
200
200
200
200
200
200
200
200
66
114
200
200
200
200
147
200
182
200
82
200
181
200
194
200
96
200
200
133
200
200
200
161
200
200
117
200
200
199
200
200
166
199
200
194
155
123
200
200
139
150
200
162
33
187
149
200
200
200
180
200
200
200
177
42
119
93
200
140
200
200
200
200
169
200
162
200
200
50
200
170
28
125
200
200
196
200
200
153
77
77
200
173
15
200
200
200
200
15
88
200
200
193
200
35
56
143
102
18
54
53
30
199
127
62
200
129
200
164
200
108
91
