200
200
200
200
200
200
200
200
200
200
200
200
200
200
200
200
200
200
200
200
200
200
200
200
200
200
200
200
200
200
200
200
200
151
84
200
200
187
73
95
200
39
187
81
200
200
151
116
172
104
200
200
200
38
200
200
200
200
200
32
117
200
200
177
200
200
177
200
200
200
200
165
200
200
200
200
200
107
200
200
200
200
53
200
200
200
44
200
200
200
106
200
67
129
200
200
119
200
82
134
200
200
200
200
200
200
200
200
200
200
48
37
30
200
172
89
169
195
118
200
65
200
200
200
40
200
200
200
200
88
200
174
109
62
200
45
185
108
200
200
200
200
92
200
200
200
103
64
200
52
