200
200
188
200
200
200
146
200
200
200
200
200
95
200
200
200
200
200
200
200
200
200
159
200
200
177
142
200
200
200
200
200
32
200
21
200
156
182
172
49
200
120
200
200
200
200
86
179
200
200
200
133
200
199
50
44
200
137
146
90
200
153
200
55
200
92
200
89
66
53
200
120
200
20
115
116
134
15
17
77
200
87
21
30
28
200
33
71
200
91
200
67
99
33
43
77
166
88
200
80
32
35
73
38
23
57
50
36
42
18
159
50
70
44
35
92
53
27
19
127
22
14
42
22
22
46
24
25
64
32
132
43
30
16
146
36
21
34
40
52
22
13
32
27
14
30
32
34
15
17
