200
200
200
200
200
169
142
200
200
200
127
144
200
200
33
65
84
29
113
43
136
163
99
112
103
22
200
113
155
200
54
27
130
81
200
200
119
149
53
92
200
163
128
146
200
56
200
200
200
200
176
200
200
51
197
51
92
44
105
116
200
52
200
200
93
21
200
183
181
82
96
25
42
45
88
35
122
27
31
73
112
102
54
200
35
49
104
63
38
11
23
140
20
60
33
32
68
17
200
43
18
53
35
31
61
21
35
29
46
39
16
12
13
40
43
40
122
25
48
128
17
174
103
48
40
46
21
200
30
147
27
39
20
14
116
51
90
23
11
28
21
39
40
69
98
26
22
15
40
40
