200
200
200
200
200
200
182
200
64
100
200
200
200
200
152
134
120
200
155
142
200
200
200
105
200
200
143
200
171
200
189
200
200
148
187
88
200
200
200
200
200
174
61
67
200
68
161
54
149
144
168
90
144
85
130
200
51
166
114
89
200
200
110
180
200
76
193
200
34
145
154
91
200
175
182
76
188
61
108
45
119
94
125
84
57
44
29
16
48
78
36
169
182
18
200
49
55
35
107
36
71
49
200
20
160
38
18
17
26
25
22
61
45
28
41
22
20
16
13
52
40
20
21
200
30
200
17
40
28
38
49
23
49
67
31
28
32
23
50
27
68
37
68
17
42
89
56
60
47
24
