200
200
200
200
200
200
200
200
200
200
200
200
200
200
200
200
200
200
200
200
200
196
200
200
200
200
200
200
200
200
200
200
200
200
200
200
200
200
200
176
200
200
200
200
200
200
116
200
200
200
200
200
200
200
200
200
200
67
200
200
200
200
200
200
200
200
200
200
200
200
200
200
200
200
19
200
139
200
50
93
149
200
200
200
192
200
200
134
200
200
200
146
179
139
45
42
76
200
200
200
30
200
200
200
116
200
24
23
96
200
200
200
48
56
198
138
200
200
71
102
99
200
200
122
150
93
200
121
74
141
200
98
71
152
172
200
130
200
24
41
156
200
125
200
83
200
200
73
42
41
