128
200
200
200
200
200
200
200
131
200
200
200
200
147
200
200
34
154
198
200
200
111
200
86
135
200
72
24
200
200
200
179
33
200
32
55
25
46
108
41
126
108
84
92
36
200
86
191
200
73
54
200
55
24
70
46
100
124
200
103
17
200
77
62
50
135
83
109
40
43
119
200
80
200
185
22
200
115
46
190
45
200
59
54
71
28
90
68
154
65
98
22
29
103
90
48
141
51
14
26
58
23
51
61
77
56
10
110
31
123
43
34
73
32
200
19
26
20
17
25
68
31
17
46
16
31
43
40
49
31
39
48
21
22
26
25
32
30
58
13
91
30
30
31
40
52
34
14
31
49
