200
200
200
200
200
200
200
200
200
200
200
200
200
200
200
200
200
200
200
200
200
200
200
200
200
200
200
200
200
200
200
200
122
200
200
66
200
200
108
163
73
200
74
200
200
200
22
109
200
200
200
117
133
157
200
200
139
200
137
200
200
180
200
200
90
46
63
187
87
56
190
135
152
97
92
93
200
82
200
200
147
200
32
45
200
42
83
200
58
200
180
164
111
200
134
41
200
149
200
177
159
200
70
200
200
168
170
59
22
156
200
102
97
200
178
157
200
158
200
181
80
96
200
200
200
200
51
157
200
200
82
45
200
200
28
197
68
20
64
30
200
195
116
56
117
124
25
136
195
200
