200
200
200
200
200
110
200
200
200
200
200
200
200
200
200
200
200
200
200
200
200
200
200
200
200
200
200
200
200
200
200
200
164
200
200
200
200
200
200
200
200
200
200
200
200
65
200
200
118
200
200
184
200
200
200
188
200
88
200
56
119
200
200
172
200
200
166
200
44
200
30
200
125
113
200
184
154
200
78
121
37
85
152
91
147
200
35
83
54
40
45
86
62
46
84
200
36
70
49
65
79
43
89
35
200
127
104
64
95
78
136
47
44
124
65
28
58
60
89
65
68
50
35
17
58
18
53
10
200
60
37
29
74
24
42
28
49
55
38
17
46
18
23
34
34
19
32
28
57
24
