200
200
200
200
200
200
200
200
200
200
200
200
200
200
200
200
200
200
200
200
200
200
200
200
200
200
200
200
200
200
200
200
200
200
200
200
200
200
200
99
200
200
200
99
200
200
200
200
151
200
200
200
200
200
200
155
200
200
200
159
186
200
200
200
200
156
70
28
76
200
47
28
120
117
102
200
200
200
23
200
116
145
146
200
200
200
51
200
115
200
200
37
200
198
114
200
200
111
200
200
200
48
131
105
200
200
18
38
200
193
165
200
200
200
148
35
200
123
182
25
95
43
50
147
97
29
200
100
195
103
84
75
99
117
159
200
96
92
149
200
200
67
109
102
200
200
200
200
108
40
