200
200
200
200
200
200
200
200
200
200
200
200
200
200
200
137
200
103
200
132
150
200
123
74
200
54
200
200
60
71
200
181
200
120
181
200
63
158
103
200
200
200
64
200
29
105
93
200
174
200
98
200
51
33
71
125
63
30
200
135
31
158
64
52
29
70
94
154
127
33
62
99
16
52
200
141
162
54
115
200
105
200
40
54
21
79
125
83
54
182
153
30
52
37
28
200
30
58
26
176
31
53
81
80
120
94
90
157
26
23
41
50
37
57
55
22
14
19
21
56
69
78
200
15
18
21
10
26
81
29
73
55
22
36
17
200
14
12
52
71
29
42
20
30
164
33
22
17
49
27
