200
200
200
200
200
200
200
200
177
63
200
200
200
200
200
200
200
200
200
200
200
151
112
200
200
144
200
200
200
199
200
70
200
200
200
200
200
200
200
164
200
200
125
200
200
200
200
200
200
200
200
144
200
124
80
75
89
38
23
23
110
145
81
63
48
68
24
52
21
34
29
45
25
23
31
15
91
164
159
37
17
99
23
31
57
15
58
23
33
18
26
41
16
24
16
48
24
84
13
12
53
18
53
27
52
16
143
25
25
36
28
22
13
37
13
24
14
13
46
28
21
25
23
16
22
43
22
27
12
22
17
30
25
12
23
20
14
13
200
23
29
25
72
19
15
46
33
20
12
11
