200
200
200
200
200
200
200
200
200
200
200
200
200
200
200
197
200
200
200
200
200
200
200
200
200
200
200
200
200
200
200
200
200
200
200
200
200
200
200
200
200
200
200
200
149
200
200
200
200
200
135
200
190
200
200
200
200
86
145
200
200
200
200
199
200
69
200
126
200
73
200
200
69
200
60
200
87
62
200
200
200
47
92
40
144
87
42
73
57
99
25
85
168
42
57
24
29
14
79
24
15
38
52
59
48
57
110
127
41
34
67
73
200
44
56
70
36
79
62
21
28
43
22
24
22
42
41
21
17
31
25
21
27
34
38
43
33
20
65
16
24
101
36
57
50
22
33
23
24
27
