200
200
200
200
200
200
200
200
200
200
200
200
200
200
200
200
200
200
200
200
193
200
153
200
88
200
200
200
200
156
200
30
200
110
200
150
197
128
200
200
200
44
200
186
108
70
174
111
200
58
83
200
26
150
200
73
200
156
200
125
147
189
200
48
200
84
99
200
200
200
88
156
54
58
145
125
153
21
145
46
71
34
200
195
20
67
27
36
24
108
37
108
23
19
32
134
52
13
16
79
81
81
23
15
51
28
31
32
30
26
14
25
46
40
17
25
13
69
30
15
43
28
15
16
16
17
31
36
15
29
24
16
24
28
27
19
36
11
15
33
28
28
19
66
29
11
23
9
17
17
