200
200
200
200
200
200
200
200
170
200
200
200
200
200
200
200
200
182
200
200
200
200
52
192
108
82
200
200
200
200
200
134
200
200
200
200
200
200
200
200
200
200
57
200
200
200
200
200
200
114
21
200
79
200
200
200
197
52
200
200
200
100
200
79
200
85
104
200
200
125
76
159
52
200
113
200
200
200
200
113
155
127
200
200
200
200
67
136
132
200
55
200
78
200
190
39
200
200
104
60
200
200
65
200
200
86
129
89
131
200
200
105
186
17
200
148
60
200
135
144
118
106
40
36
42
200
41
67
200
200
60
36
23
91
200
56
83
56
137
143
42
168
11
73
200
115
105
79
135
23
