200
200
200
200
200
200
200
200
200
200
200
200
200
200
200
200
200
200
200
200
200
200
200
200
200
200
86
200
200
200
80
200
71
200
200
133
200
69
88
200
125
154
200
57
200
200
49
185
200
88
65
200
154
46
82
184
200
200
72
38
93
200
62
86
79
32
49
52
193
89
79
50
21
52
22
200
66
46
52
200
34
45
81
28
36
53
43
40
78
174
47
20
57
28
26
17
58
13
10
102
31
16
20
57
37
21
46
34
15
34
93
200
46
31
16
24
43
20
38
42
20
12
53
23
54
19
40
22
15
18
28
17
19
46
20
14
41
20
98
23
27
31
15
22
18
35
20
35
24
19
