200
68
200
200
200
200
200
200
200
200
200
200
200
200
200
200
200
200
200
200
200
200
200
200
200
200
200
200
200
200
200
200
200
200
200
200
159
200
199
200
67
164
200
200
200
101
169
90
200
128
112
97
51
200
55
80
94
37
133
200
190
46
67
37
154
94
37
100
38
19
34
27
35
55
77
69
200
22
67
57
42
82
27
16
33
20
26
92
15
30
55
56
21
24
19
33
43
18
22
12
67
32
13
36
26
17
27
23
17
10
28
22
20
28
38
27
24
43
18
18
40
29
33
17
12
200
14
27
28
27
31
16
24
10
11
33
13
46
17
23
50
19
16
12
62
38
17
17
34
22
