200
200
200
200
200
200
200
200
200
200
200
200
200
200
200
200
200
200
200
200
145
200
200
200
200
200
200
200
200
200
200
200
200
191
200
200
200
173
200
200
70
200
179
155
200
200
200
176
200
200
200
139
200
200
200
200
200
200
200
71
200
200
200
200
200
200
200
200
42
200
200
200
200
200
137
105
74
200
200
158
183
121
200
200
23
200
200
114
131
77
200
101
80
108
151
51
87
200
200
200
200
22
64
82
56
56
135
74
200
200
36
131
200
17
159
76
63
44
35
73
51
61
200
46
100
167
60
43
74
200
42
47
200
15
68
22
17
21
20
27
33
65
30
40
53
48
28
18
42
67
