200
200
111
200
200
200
200
200
171
200
200
200
200
200
200
200
200
200
184
80
200
200
135
128
200
139
200
200
158
200
200
200
190
200
200
200
64
113
200
74
35
200
200
200
200
200
200
200
200
200
200
200
131
200
200
29
200
159
200
200
200
173
128
200
85
29
131
200
200
141
99
200
200
200
200
81
200
200
200
184
184
200
200
200
112
102
114
200
200
200
200
200
66
200
200
89
200
101
200
22
200
200
200
200
200
200
200
200
105
197
23
171
186
200
200
200
200
200
200
200
200
116
200
200
200
200
136
146
200
200
108
34
200
200
200
59
200
200
200
200
200
200
200
200
200
200
198
200
174
200
