200
200
200
200
200
200
200
200
200
200
200
200
200
200
200
200
200
200
200
192
200
200
185
200
200
200
200
200
200
200
200
200
200
200
119
200
200
200
200
140
89
174
200
200
107
186
200
200
200
200
200
77
147
159
200
200
200
200
200
176
200
200
179
200
200
200
200
200
167
200
200
200
71
200
200
200
58
200
200
87
200
141
200
200
200
200
200
142
200
200
200
200
200
199
199
200
200
154
200
200
200
200
200
200
200
200
200
121
200
105
193
200
200
200
200
82
63
153
200
200
196
125
117
200
200
162
200
200
200
200
200
200
200
200
106
200
193
38
200
200
200
142
200
200
121
200
95
200
200
200
