69
189
200
200
88
183
200
200
200
200
200
200
200
200
200
132
126
200
200
200
131
187
200
154
200
200
200
200
200
200
200
194
200
200
184
185
200
200
200
200
176
200
200
200
200
200
200
200
200
95
200
200
200
200
154
200
200
187
164
165
83
105
200
200
126
200
200
200
84
200
200
137
200
200
77
200
135
183
200
200
200
200
200
200
105
200
200
200
126
29
97
200
158
200
200
200
137
200
200
200
200
200
200
200
79
43
200
200
200
200
200
200
200
200
200
200
136
60
200
200
200
200
165
165
200
200
200
200
88
200
200
171
119
114
200
200
200
200
200
200
200
200
200
184
142
46
200
200
200
200
