200
200
200
200
200
200
200
200
200
200
200
200
200
200
200
200
200
150
200
200
200
200
200
200
66
200
200
200
127
74
200
200
200
200
200
200
46
91
200
200
200
162
200
94
200
200
200
200
200
200
200
200
55
200
200
200
200
111
200
32
200
67
143
200
144
200
200
154
200
95
200
24
200
200
200
184
146
200
200
200
200
200
200
200
200
200
200
200
200
200
200
141
200
200
200
200
200
200
200
108
200
200
148
200
47
200
200
200
200
200
200
200
130
200
200
200
200
70
200
200
200
200
200
200
200
200
72
200
200
200
84
200
200
200
91
200
200
200
200
200
200
200
200
190
200
200
133
200
200
200
