200
200
200
200
200
200
200
200
200
200
200
200
200
200
200
200
200
200
90
200
200
200
200
200
200
200
200
136
200
200
200
200
200
200
200
200
197
200
200
200
200
200
200
200
194
200
200
200
200
200
200
200
148
175
200
171
200
200
200
170
200
194
200
200
91
200
200
200
200
173
200
200
200
28
200
200
200
200
200
200
200
57
200
200
200
187
156
141
200
200
138
200
200
200
200
200
200
200
200
109
200
200
200
200
98
200
200
200
200
122
200
200
90
200
200
200
200
56
188
200
200
200
200
200
22
37
200
156
200
200
200
200
200
151
97
200
118
200
133
200
200
54
110
200
62
200
145
200
200
200
