166
200
200
200
200
166
200
200
77
136
200
122
55
69
200
200
200
187
200
200
133
200
57
200
186
74
200
200
200
143
200
200
200
137
200
200
173
200
200
200
200
200
200
48
170
200
200
200
31
200
200
200
200
173
200
200
195
200
200
200
23
58
200
122
200
200
153
200
200
200
200
197
169
200
200
40
200
200
139
39
200
200
48
200
200
200
178
67
175
200
200
36
200
200
200
76
182
200
200
200
200
200
200
143
197
200
200
151
200
185
170
113
148
128
200
200
60
200
200
189
162
113
200
129
200
94
200
48
152
99
116
200
200
200
200
141
192
200
200
200
200
200
179
65
200
200
114
200
153
200
