200
200
200
162
200
200
200
200
200
196
200
173
119
180
200
141
45
200
199
157
77
200
81
127
200
200
200
140
200
200
53
200
86
200
200
200
200
200
200
200
134
200
200
200
200
200
200
200
200
152
200
200
200
200
200
200
68
200
200
183
165
200
200
200
200
200
200
200
192
200
77
151
200
65
200
200
200
200
200
45
81
165
200
200
93
200
73
200
200
200
81
200
200
158
193
200
146
200
192
110
127
52
200
200
200
59
200
89
65
200
200
200
65
200
200
172
185
200
125
99
200
50
200
200
200
200
154
200
200
82
200
76
200
200
37
200
72
79
112
200
200
200
200
200
200
200
200
200
200
200
