200
200
200
200
200
200
200
200
200
200
200
200
200
200
200
200
200
200
200
200
200
200
200
158
153
200
160
200
200
200
200
50
200
200
200
200
199
200
200
200
200
200
200
200
200
156
165
200
69
186
200
200
200
150
200
200
200
200
200
200
200
200
200
200
200
197
200
200
200
200
200
200
200
97
200
200
31
200
200
70
200
200
200
200
200
200
113
200
200
200
200
200
117
42
200
200
200
200
200
101
200
200
164
200
200
183
57
44
200
200
200
200
200
200
185
200
200
200
200
158
189
200
200
76
200
200
198
125
200
121
200
200
200
86
200
200
143
200
200
200
200
81
200
200
200
200
200
200
200
200
