200
200
181
200
200
200
200
68
200
200
200
200
200
200
200
200
200
200
142
200
163
200
200
200
200
200
200
200
200
161
200
200
200
200
200
200
198
200
200
200
200
67
200
200
200
101
200
200
200
200
200
200
200
200
200
200
128
200
200
200
114
200
200
88
200
200
200
200
200
194
200
200
113
200
200
200
200
200
200
200
200
200
196
200
190
200
200
200
200
200
200
200
164
200
200
200
141
200
68
200
200
200
200
200
92
33
200
200
200
200
200
200
200
200
200
200
200
200
200
127
200
200
138
200
137
200
103
200
160
200
104
200
200
79
200
168
71
200
51
200
195
200
200
200
111
78
200
70
200
200
