200
200
200
200
200
200
200
200
200
200
200
200
200
200
141
200
200
142
200
200
200
200
200
125
149
200
107
200
200
118
103
200
100
95
200
63
200
200
200
191
200
200
59
200
200
200
200
200
196
200
200
200
130
56
171
200
200
200
200
200
174
200
200
200
200
200
160
108
200
200
200
104
200
200
200
98
61
200
200
178
200
200
200
151
68
105
200
199
85
157
136
200
200
200
179
200
200
200
200
97
68
200
200
200
200
181
29
200
200
200
200
200
200
200
200
170
45
200
200
200
88
67
200
142
200
200
200
200
200
200
200
200
200
200
200
200
200
200
200
200
200
200
171
200
200
65
200
200
200
184
