200
200
200
200
200
200
200
200
200
200
200
200
200
200
163
200
178
60
143
200
200
200
200
200
200
200
200
200
96
170
151
200
200
200
200
200
200
146
200
200
200
200
200
200
200
200
200
196
200
200
200
200
200
200
200
200
148
200
96
60
200
89
200
200
200
169
55
200
155
200
200
163
200
30
200
200
200
200
100
200
200
173
152
200
200
187
200
200
200
200
200
200
70
104
200
200
177
102
198
200
200
200
200
200
200
200
200
200
176
121
200
179
200
182
53
200
144
200
200
200
200
178
176
200
73
166
200
200
134
200
132
200
74
131
200
200
200
200
200
200
200
104
200
72
190
72
191
150
200
200
