200
200
200
200
200
200
200
200
200
200
137
200
200
200
200
200
200
200
51
88
200
200
185
200
200
182
115
200
200
200
200
200
200
200
200
158
200
200
200
200
200
46
200
200
200
200
200
51
200
200
200
200
200
171
126
200
200
200
182
34
117
200
95
200
30
200
55
200
94
200
200
200
200
175
175
200
200
200
175
200
200
200
200
200
200
200
200
200
200
200
102
200
200
200
123
200
200
200
200
200
57
53
98
200
200
200
200
200
200
200
200
85
158
200
58
200
113
137
200
200
200
200
200
200
86
90
200
200
200
199
200
189
200
200
200
200
200
37
200
200
200
200
151
200
57
171
200
148
85
200
