193
200
200
200
200
200
62
200
200
200
28
200
200
200
200
187
200
200
200
200
200
200
200
200
177
200
133
200
200
123
200
200
104
200
80
200
200
200
178
83
115
156
200
200
200
200
200
200
161
82
147
200
200
200
200
88
162
200
200
113
200
200
200
200
200
200
49
200
200
200
200
96
200
200
200
200
127
200
200
200
200
200
200
200
200
200
69
200
200
150
200
200
131
188
95
200
195
200
200
200
200
200
70
200
124
200
110
126
200
200
200
200
200
200
200
200
200
200
200
148
97
182
200
200
200
200
89
200
200
111
200
200
200
94
200
200
200
191
200
200
200
200
200
160
200
58
69
61
177
200
