200
200
200
200
200
200
200
91
200
200
200
200
200
200
200
200
200
68
200
200
200
200
200
200
200
200
200
200
200
200
121
66
43
194
200
200
200
200
200
200
200
200
200
200
200
200
161
200
200
200
200
200
200
200
149
200
200
200
200
200
200
200
91
200
200
200
48
200
200
200
200
49
200
200
200
200
105
200
200
158
200
191
200
200
200
200
200
200
200
101
200
200
200
200
200
200
200
200
200
200
200
124
200
200
200
200
191
200
140
115
200
200
200
200
200
200
200
148
200
200
110
200
200
200
121
180
200
144
200
200
200
200
187
200
200
200
111
200
200
200
200
200
200
200
200
181
200
79
145
200
