189
200
20
200
200
200
200
200
200
140
200
45
92
200
200
200
200
200
200
200
86
189
200
200
200
200
200
200
200
111
200
125
200
119
142
200
200
142
200
200
200
199
200
200
136
175
200
200
200
200
200
162
200
200
200
200
96
200
200
200
200
200
200
200
200
200
200
200
200
200
200
200
198
200
35
165
200
146
200
200
200
200
200
200
200
34
200
199
85
99
200
92
200
200
200
200
200
200
118
200
200
200
200
200
200
105
69
134
200
186
200
200
200
124
200
200
184
200
157
44
200
200
200
200
148
200
76
200
200
200
200
139
200
200
34
200
53
200
200
132
200
184
200
200
200
200
200
200
122
200
