200
200
200
200
200
200
200
200
200
200
200
200
112
200
200
200
69
200
103
200
200
200
161
112
200
200
200
200
200
200
200
200
175
200
200
200
95
200
200
200
200
200
200
200
200
200
200
200
200
200
200
200
115
200
200
200
172
200
200
200
200
200
200
200
200
196
66
197
200
131
200
200
107
200
200
200
200
200
200
178
200
200
200
200
200
200
200
200
90
200
134
200
135
200
200
200
200
173
176
200
200
200
200
200
67
200
99
80
200
191
200
200
200
63
200
70
140
200
101
200
150
96
129
115
200
200
34
200
200
129
115
200
162
99
200
200
200
163
200
159
200
200
200
200
200
200
200
200
200
200
