200
200
200
200
200
200
200
200
200
200
200
200
200
200
200
200
200
200
200
200
200
200
159
200
200
200
200
200
200
200
200
200
200
200
200
200
200
200
200
200
200
200
149
200
200
200
200
183
200
200
200
200
200
200
200
200
200
200
200
200
200
200
180
200
200
60
200
200
170
46
200
200
200
55
200
200
200
200
200
200
79
200
130
200
200
200
200
200
200
200
200
200
200
200
200
200
191
200
148
200
99
200
200
200
200
200
200
142
200
200
200
169
200
200
118
200
200
200
200
40
200
200
200
200
188
139
131
85
200
200
200
200
200
200
82
200
200
200
185
124
200
200
200
200
200
22
200
200
35
200
