200
200
200
200
200
200
200
200
200
200
200
200
200
200
200
200
200
200
200
200
200
200
200
200
200
200
200
83
200
127
161
200
200
113
200
200
192
200
99
200
48
190
200
200
200
200
200
200
136
200
200
121
200
200
200
200
200
200
200
200
98
120
200
200
200
98
200
200
200
200
200
109
200
200
200
200
46
200
200
200
200
200
200
32
120
86
104
54
200
36
200
123
153
200
128
200
200
200
200
200
200
194
200
53
200
200
200
200
200
200
159
200
200
108
200
137
200
200
200
194
99
200
81
200
200
200
200
49
200
200
200
200
200
200
200
168
162
99
200
49
192
143
176
200
200
200
200
54
117
200
