200
200
200
200
200
200
175
200
200
200
200
200
200
200
200
200
170
200
200
70
200
200
200
200
200
200
200
200
200
200
200
151
200
200
200
200
143
200
200
162
200
200
200
200
200
200
200
200
200
200
200
92
124
200
147
200
200
200
66
200
200
200
200
200
71
200
200
200
193
200
200
172
200
200
169
200
200
200
200
200
98
200
33
200
130
200
150
200
100
200
90
200
200
108
200
128
187
200
200
200
57
171
100
95
200
197
200
200
200
67
200
200
128
200
200
189
200
200
200
125
135
91
92
59
200
100
200
200
200
200
200
39
200
138
192
76
200
191
161
45
200
200
182
200
128
200
82
95
200
200
