200
200
200
200
200
200
200
200
200
200
69
112
200
200
200
103
200
200
76
200
200
57
200
194
200
200
200
200
200
200
200
200
200
147
143
164
200
200
200
200
200
200
200
200
200
98
51
200
179
200
77
200
200
200
200
200
200
200
200
59
193
200
200
189
200
200
200
200
173
200
200
200
159
104
146
114
200
200
200
164
200
200
200
200
25
27
200
200
200
154
200
200
107
149
200
200
200
200
200
200
53
200
200
200
200
200
200
200
41
200
200
130
200
200
200
200
185
200
200
200
200
200
187
200
183
200
200
192
200
200
200
200
200
119
200
200
200
200
200
200
200
74
200
200
200
200
200
63
200
200
