200
200
200
197
183
200
200
200
45
200
200
156
140
149
200
200
200
200
116
200
195
200
191
200
200
200
200
114
132
200
62
200
200
43
200
200
200
200
105
200
33
200
200
185
200
63
188
200
161
200
200
200
200
32
200
200
200
200
148
200
200
89
200
200
94
200
200
200
200
200
160
63
200
200
123
200
200
200
66
200
167
162
33
200
200
200
146
200
197
85
200
189
200
200
200
200
200
200
171
120
200
200
109
73
200
200
200
152
200
200
200
147
200
32
138
200
72
200
151
200
200
200
200
200
200
200
96
200
200
200
109
200
160
172
200
200
200
121
108
200
168
200
154
62
200
120
200
200
200
200
