200
200
200
200
200
200
200
200
200
200
200
200
200
200
200
200
200
200
200
200
200
200
183
169
200
200
200
200
200
200
200
200
200
34
200
120
200
159
200
200
200
200
93
200
99
38
200
66
200
200
64
200
200
200
67
54
124
81
200
165
145
163
200
200
54
200
200
200
200
200
42
200
179
150
68
200
200
200
200
150
200
122
200
200
200
200
200
200
200
200
200
70
151
200
200
200
200
200
200
85
200
200
77
195
200
200
200
200
200
64
135
200
200
155
200
113
134
200
200
200
200
200
200
122
57
200
200
154
200
200
51
106
200
200
84
200
200
78
67
135
50
108
200
200
189
166
200
200
200
200
