200
200
200
200
200
200
200
200
200
200
200
200
200
200
200
63
189
200
200
91
200
200
200
35
183
183
144
200
200
200
200
128
200
200
200
121
178
200
200
200
193
183
82
120
160
175
74
200
200
200
58
200
200
200
200
193
200
120
200
108
200
191
200
52
200
200
68
200
200
200
200
57
200
200
200
200
200
200
200
200
43
200
200
200
200
200
200
200
200
166
200
168
105
200
200
200
200
200
200
95
140
200
200
200
200
200
200
200
167
200
200
118
119
199
200
200
102
140
160
200
200
107
26
200
200
200
200
200
200
200
200
200
200
116
200
200
157
200
200
200
164
200
200
200
200
200
200
185
77
200
