200
200
200
90
200
200
200
91
200
200
150
200
200
200
200
200
200
51
184
20
200
200
200
200
200
200
200
93
200
38
200
199
200
200
153
177
200
200
94
77
200
200
200
200
200
171
200
200
200
200
200
200
200
200
200
200
75
195
200
163
200
200
200
200
200
61
200
200
200
200
200
200
200
200
200
186
200
200
148
107
157
127
200
200
185
157
200
200
200
121
200
200
35
103
200
181
200
200
46
200
200
200
200
200
169
200
200
33
200
200
54
200
200
143
200
200
155
171
200
65
102
200
28
43
99
200
200
200
48
117
157
36
200
165
114
200
83
200
200
91
10
40
200
200
200
200
200
200
31
135
