200
180
200
200
200
200
143
200
200
200
200
200
200
200
200
183
200
200
200
200
200
200
200
200
200
200
200
200
103
200
200
200
143
200
200
200
131
200
200
200
144
200
200
200
200
200
200
200
200
129
85
131
84
92
200
200
200
200
200
192
200
200
162
200
200
200
200
200
200
200
200
200
200
97
200
200
43
200
200
42
74
200
200
200
200
200
40
101
90
200
200
200
200
200
200
200
200
200
148
200
170
200
200
200
200
153
99
200
200
200
152
135
157
86
200
200
115
200
90
200
64
200
17
116
200
174
200
200
200
200
200
88
200
45
200
129
49
200
68
200
200
200
63
200
200
200
156
49
200
139
