200
200
200
200
200
200
200
200
200
200
200
200
200
200
200
200
200
200
200
200
200
200
200
200
145
63
200
200
200
200
200
200
200
200
155
200
200
200
146
200
200
200
92
200
200
200
200
200
180
200
200
200
200
186
200
200
135
200
83
200
200
200
200
200
200
200
200
200
200
107
200
200
169
137
200
200
200
200
70
200
200
200
200
200
200
200
123
200
200
200
200
200
132
200
200
200
200
200
200
200
200
200
133
128
200
200
79
132
169
200
200
80
200
200
200
200
200
200
200
200
200
200
200
200
153
200
200
158
129
200
200
200
200
200
57
200
200
184
92
126
200
200
200
200
121
200
75
200
186
85
