171
200
200
200
200
200
200
200
200
200
200
200
200
200
200
200
135
200
200
200
200
200
102
199
68
159
200
200
192
200
23
200
200
200
153
200
200
200
180
200
200
200
200
200
200
200
200
200
200
200
200
200
200
200
200
200
110
200
200
200
200
81
200
200
200
200
200
69
200
200
200
200
200
200
69
200
200
200
200
200
200
200
200
200
200
200
200
200
200
200
200
200
200
200
200
200
200
200
200
200
152
200
200
200
200
188
200
200
152
88
200
200
200
200
107
200
200
200
185
200
200
189
75
200
157
200
200
165
200
200
200
183
200
200
200
200
200
200
77
200
158
41
193
200
200
150
200
66
200
200
