175
200
151
200
172
200
200
200
168
200
200
154
177
200
176
200
200
200
200
78
200
199
200
129
200
175
114
200
200
200
200
200
200
154
200
200
200
200
200
159
200
106
200
200
73
200
57
200
200
200
58
95
200
200
200
200
200
200
200
200
200
200
200
191
200
200
200
200
200
200
200
200
200
91
200
200
200
200
200
170
200
200
200
200
111
200
73
200
200
200
200
200
200
36
149
200
101
200
130
200
148
78
200
200
200
200
88
200
187
130
200
200
200
177
200
200
200
200
200
200
200
200
200
61
200
189
200
200
145
145
66
97
200
200
176
200
200
200
200
200
200
200
200
200
200
151
200
200
200
200
