200
200
200
187
200
200
200
200
200
126
200
200
200
200
200
200
200
111
126
200
200
200
200
200
200
200
200
181
200
97
200
200
200
200
152
200
200
200
200
153
200
200
200
200
200
147
200
154
200
200
200
200
200
200
200
200
200
200
187
98
200
113
175
200
200
200
200
172
48
76
200
200
200
200
190
200
53
148
111
200
170
102
200
200
200
149
55
200
200
182
200
116
200
113
96
200
200
200
163
200
173
106
114
200
183
200
156
200
200
200
200
200
200
200
200
200
132
109
113
200
200
83
135
89
118
200
200
200
115
200
113
143
200
200
121
200
200
48
70
200
159
200
200
200
200
200
200
200
178
200
