200
200
200
200
200
200
200
200
200
200
200
200
200
130
200
200
200
151
200
200
200
200
200
200
200
200
200
200
200
200
200
200
121
200
200
200
200
200
200
197
167
163
88
200
200
50
200
120
200
200
200
200
36
200
200
155
200
200
200
128
200
120
200
200
44
200
200
200
200
200
200
200
159
200
146
200
187
200
200
200
200
200
89
160
142
78
34
200
200
200
200
153
200
49
186
195
200
200
143
147
200
103
200
151
200
128
200
200
200
200
137
200
200
87
168
200
200
200
40
200
55
69
200
200
200
200
104
200
200
200
200
200
200
200
200
200
143
200
154
126
141
52
200
48
200
200
200
200
200
200
