200
200
200
200
200
200
200
200
142
200
200
200
200
200
200
200
200
200
200
200
200
200
195
200
200
200
200
200
200
200
200
200
68
194
200
165
128
200
200
53
146
200
200
200
200
200
121
200
200
200
200
52
200
200
200
123
200
61
200
200
200
45
200
200
200
200
200
200
200
200
200
186
200
197
200
123
200
200
200
200
158
200
200
66
200
200
145
200
158
200
200
200
159
57
90
200
200
79
46
200
195
200
200
200
200
200
200
81
34
200
200
200
200
200
88
200
200
191
200
200
122
195
200
200
200
114
200
164
200
200
200
56
96
49
71
200
200
200
166
200
180
200
200
200
200
200
200
200
90
144
