200
200
200
200
200
200
160
200
98
200
200
200
200
200
200
160
200
200
200
200
200
200
200
195
200
200
200
200
182
60
200
200
200
200
129
200
96
94
200
160
200
200
200
118
200
200
200
119
86
200
94
200
200
200
200
200
200
200
178
200
200
200
121
138
158
200
200
200
200
200
200
146
200
200
200
178
200
200
193
200
200
200
200
200
200
200
200
200
161
200
200
200
200
200
73
200
200
93
74
200
169
72
200
200
200
200
200
200
200
200
200
118
200
200
200
200
200
115
112
200
200
200
200
200
200
200
200
200
200
200
188
200
200
200
200
191
190
200
200
200
151
169
200
121
200
139
200
200
103
200
