200
200
200
200
200
200
200
45
118
200
200
200
200
159
144
150
200
200
158
200
200
200
200
200
200
200
200
200
187
200
180
200
200
105
200
87
171
200
200
200
200
200
200
200
200
200
76
200
152
200
200
96
200
200
200
13
200
82
179
200
197
67
123
200
200
200
200
103
200
126
200
64
200
200
62
200
180
200
47
166
200
200
200
200
115
200
200
61
200
200
200
200
200
200
200
152
200
109
178
200
177
200
200
200
200
200
104
200
181
200
200
200
200
200
133
200
200
200
200
156
49
200
200
200
156
200
200
118
200
200
200
183
200
200
200
200
200
157
200
200
200
125
200
200
200
200
200
49
58
200
