200
200
200
200
200
200
200
200
200
200
200
200
200
200
200
200
200
200
200
200
45
200
200
200
106
200
200
200
200
200
200
200
200
200
200
200
200
200
140
52
200
200
176
95
200
58
200
200
200
200
200
200
200
200
200
200
200
200
200
200
200
200
200
157
200
200
127
200
200
124
200
139
200
200
200
200
200
200
200
200
200
200
200
200
200
200
200
200
200
84
148
200
54
163
200
82
200
200
200
200
200
200
200
200
200
200
176
200
200
143
200
200
200
200
200
200
193
200
200
200
197
34
200
200
200
55
200
180
200
200
161
176
200
43
200
200
200
90
200
200
105
200
200
200
200
200
200
106
60
200
