200
200
200
200
144
200
200
200
200
200
200
200
200
200
200
200
200
200
200
200
183
200
200
200
200
95
148
200
200
200
200
200
200
200
200
200
200
108
200
57
141
93
200
200
200
135
200
200
178
200
200
200
200
83
185
200
200
200
200
200
200
111
200
200
200
200
200
200
200
200
196
200
200
200
114
200
200
177
171
200
200
200
200
200
160
200
200
200
200
200
200
200
165
200
200
200
80
200
200
200
200
200
200
152
200
200
200
200
105
200
200
200
37
200
200
200
200
149
200
200
200
200
200
200
200
200
200
200
200
149
200
200
200
200
200
200
200
53
200
200
41
108
200
200
200
200
200
200
200
49
