200
74
200
200
200
200
200
200
124
200
200
139
200
95
200
200
200
200
200
200
115
37
200
63
200
200
200
200
200
200
200
200
194
200
200
200
200
150
200
200
200
200
200
200
200
50
200
36
194
109
200
200
132
200
200
200
200
200
152
200
84
200
200
200
115
200
200
83
200
200
200
200
52
198
132
61
200
122
200
200
157
200
200
200
200
136
200
145
200
57
200
200
173
200
200
200
200
200
72
200
200
200
200
200
200
200
126
200
200
200
200
108
200
200
200
200
200
200
200
138
73
133
188
200
200
112
200
200
187
200
133
82
102
200
200
194
200
200
175
199
200
111
200
200
200
200
109
200
200
200
