200
200
200
200
200
200
200
191
126
200
200
139
200
200
200
200
200
192
130
200
200
142
200
200
141
200
200
59
200
200
200
200
200
200
200
70
200
200
200
200
200
115
200
200
158
200
200
200
200
200
131
200
200
107
200
200
51
200
143
193
200
200
66
200
97
200
200
200
138
200
200
200
73
200
164
200
200
144
200
200
26
200
200
193
200
200
176
98
200
200
200
200
200
200
200
137
200
200
200
200
200
200
200
81
138
200
200
200
200
200
170
200
200
200
117
200
158
200
117
186
27
200
55
200
185
35
200
200
200
200
182
200
200
146
149
200
124
107
31
200
200
200
78
200
116
200
200
200
200
130
