200
200
200
200
200
200
200
200
157
200
200
200
200
200
200
200
200
200
200
200
200
200
82
200
200
144
177
200
200
200
141
200
182
141
131
200
200
200
200
200
177
200
138
200
200
200
200
200
200
200
200
200
200
200
177
103
200
57
128
200
200
200
200
200
200
105
27
200
200
200
200
200
200
200
200
200
200
200
200
137
200
88
200
200
200
200
200
200
200
200
200
200
200
200
200
200
43
200
174
200
200
85
75
200
200
200
200
200
200
49
110
200
185
200
200
144
170
198
152
73
200
193
200
200
200
200
66
200
200
111
200
136
200
200
200
200
138
200
95
200
200
111
200
96
157
200
200
200
171
94
