181
200
200
200
200
200
200
200
200
193
200
200
200
200
147
141
181
200
161
200
200
81
200
200
78
200
200
200
200
200
200
200
200
200
200
200
200
200
200
99
168
200
118
31
200
200
200
200
115
200
200
200
200
200
200
200
200
200
200
194
112
56
200
200
200
200
200
200
200
200
159
116
200
200
200
200
200
200
141
200
149
200
200
200
200
97
200
200
200
200
124
200
132
200
200
200
196
200
200
200
200
200
200
200
200
200
200
116
200
200
200
172
200
200
200
200
133
200
200
200
200
200
164
200
143
200
200
200
200
200
200
200
147
106
143
200
200
128
200
200
200
200
164
41
200
200
200
200
193
200
