200
200
200
200
200
200
200
200
200
200
200
200
175
200
200
93
200
200
200
200
200
200
200
200
54
106
80
200
200
121
200
200
65
200
200
200
200
193
150
200
200
144
105
200
200
200
78
129
170
200
200
200
48
113
145
60
200
200
39
200
200
200
200
200
171
62
200
45
200
200
168
200
200
115
200
144
200
200
200
200
200
176
200
90
200
82
200
200
200
200
167
200
145
73
12
200
200
200
73
84
55
200
192
200
200
200
200
200
200
72
200
200
200
200
89
104
155
200
187
200
200
200
200
200
200
200
125
200
200
16
200
79
200
162
200
200
200
200
200
200
114
200
200
200
200
200
200
200
198
65
