200
200
200
57
200
200
200
200
200
200
200
200
200
200
200
200
76
200
200
200
200
200
51
200
200
200
33
176
200
200
129
200
200
200
200
200
200
200
23
198
200
200
200
200
200
200
200
135
56
200
200
200
200
200
96
82
99
200
200
200
200
200
200
200
200
200
200
200
200
69
200
200
200
200
200
200
200
200
200
96
200
200
200
54
200
200
172
200
200
200
200
154
200
150
197
200
115
200
175
200
100
200
200
22
200
200
200
200
106
200
144
155
200
200
200
145
200
200
200
200
200
78
200
200
200
61
193
200
200
200
152
200
200
200
200
200
200
200
200
200
200
200
200
200
200
158
200
155
133
200
