200
200
200
83
200
200
173
200
200
200
200
200
200
200
102
30
200
200
200
154
200
200
140
199
200
200
200
200
57
158
200
200
200
103
19
200
200
200
179
200
175
200
200
200
200
200
151
93
147
29
200
145
200
16
92
200
148
74
200
200
197
176
167
115
55
200
144
141
200
76
200
200
200
108
147
200
92
200
49
157
103
155
168
200
77
200
200
117
200
161
200
200
200
200
63
111
200
95
200
200
104
116
85
175
78
36
184
36
151
34
200
81
61
83
200
72
200
200
125
200
58
81
200
140
114
200
38
82
200
19
71
19
107
200
67
154
37
28
193
200
49
200
136
200
28
200
58
200
41
21
