200
200
200
200
200
200
200
200
200
194
200
200
200
200
126
200
200
200
200
200
200
56
46
200
102
109
200
200
85
57
200
200
200
20
123
200
200
82
33
200
200
200
200
164
108
91
200
200
200
200
138
200
200
200
44
200
200
66
85
78
200
158
200
55
25
200
200
157
179
200
200
62
69
200
51
200
200
200
200
200
140
200
200
116
53
23
77
200
99
200
73
58
29
200
151
200
200
52
75
200
200
200
137
67
41
42
76
91
93
98
200
141
200
112
162
165
25
132
200
200
200
101
67
16
124
83
200
62
195
164
153
34
200
145
107
113
73
72
50
86
200
53
200
64
113
28
69
200
31
200
