35
200
200
200
80
200
200
183
200
200
200
200
200
27
200
180
152
118
132
200
200
200
200
200
200
172
200
200
183
200
200
200
200
170
155
131
126
200
91
151
183
200
131
165
200
200
200
162
64
200
200
200
200
200
200
200
72
70
200
129
200
200
107
200
200
200
200
62
200
200
200
58
200
28
200
85
200
103
200
200
200
76
29
105
200
200
200
113
116
77
200
200
32
200
148
105
88
193
159
82
22
200
86
21
200
200
200
200
63
200
200
110
74
58
200
189
200
95
200
200
152
38
200
200
200
200
200
200
200
114
53
94
159
125
126
76
96
45
44
129
106
194
143
43
200
200
88
164
200
144
