143
200
178
185
200
200
200
200
200
200
149
200
200
200
124
170
197
200
200
200
94
92
200
200
45
124
200
200
200
200
119
200
105
128
200
200
123
154
172
156
114
111
200
200
200
90
200
200
200
200
200
114
200
197
66
200
111
200
200
200
200
160
73
58
142
200
87
179
93
200
173
95
200
200
200
30
200
200
200
187
200
200
200
200
200
200
200
200
200
200
200
200
103
200
200
200
65
200
200
105
113
200
77
200
200
158
200
78
200
184
200
191
200
141
58
200
145
93
147
200
200
200
63
113
45
128
200
200
61
99
128
166
200
200
86
68
200
113
200
102
41
200
108
107
200
200
151
46
200
83
