200
200
200
200
200
160
200
200
200
200
200
200
200
200
54
200
123
103
200
155
200
116
200
200
162
200
200
129
200
200
200
200
200
158
197
200
95
82
200
89
106
200
171
200
123
200
132
64
200
200
81
184
83
200
163
147
58
200
200
130
200
45
89
200
200
179
200
85
18
52
69
200
44
200
146
141
200
200
80
200
200
200
200
88
102
111
150
42
69
196
166
54
200
200
200
114
54
122
200
52
19
200
200
200
200
67
184
200
165
200
52
200
200
124
200
200
112
200
23
35
73
200
66
200
140
187
26
200
88
200
73
68
112
103
60
200
38
58
54
200
189
174
200
40
200
157
70
104
200
118
