146
57
200
200
178
54
200
16
200
197
85
200
158
200
37
67
54
71
95
200
153
86
200
200
200
42
200
79
200
200
163
188
188
200
45
130
200
99
200
200
115
69
111
120
42
200
99
200
200
116
180
41
200
200
45
70
200
128
126
200
35
200
200
65
200
200
110
200
200
76
105
173
129
80
200
200
200
200
84
200
200
44
65
156
67
24
46
36
23
28
200
200
130
161
200
97
200
200
43
97
138
83
86
122
186
114
35
110
17
44
29
103
133
34
158
67
67
200
101
75
74
200
36
75
70
65
56
200
200
76
200
50
86
136
39
200
181
200
35
96
21
200
150
116
159
200
200
22
24
200
