200
200
200
200
200
200
200
152
200
200
200
200
200
137
200
200
200
200
77
200
200
200
76
102
200
200
135
200
200
200
200
200
200
111
196
116
51
95
200
200
127
70
171
200
200
200
200
200
200
200
28
200
200
200
30
111
64
200
200
130
159
182
200
155
200
74
41
200
200
39
30
92
70
76
194
200
156
183
112
83
63
175
200
200
38
95
92
200
200
200
31
200
70
52
116
94
188
200
200
143
149
177
200
95
37
136
200
110
122
115
195
61
82
200
200
200
182
200
142
139
200
73
133
120
53
47
200
35
100
200
200
92
26
71
74
124
200
94
111
86
130
51
200
27
90
200
187
35
50
186
