200
191
200
200
200
200
200
200
200
165
200
200
200
61
200
48
200
200
200
200
112
200
118
97
110
200
97
82
113
200
67
153
200
49
200
75
102
200
31
19
178
48
200
200
24
172
200
200
88
66
174
162
200
43
83
90
43
94
200
107
170
200
49
125
153
200
156
33
200
103
27
60
64
37
44
69
18
23
26
41
55
73
116
160
20
63
103
79
56
141
171
44
187
111
17
200
75
52
66
109
39
30
34
93
29
58
100
162
57
63
35
45
59
84
37
90
19
107
35
23
29
127
37
22
55
72
39
35
9
66
191
56
28
46
24
12
68
48
52
200
20
33
22
37
200
58
32
78
37
68
