200
200
200
200
200
200
200
200
200
200
200
200
200
149
200
200
130
200
96
200
200
200
200
200
200
200
200
200
200
84
200
200
200
116
175
200
200
200
200
190
58
159
200
200
151
82
200
72
200
200
62
200
51
132
200
37
50
69
45
200
200
200
178
200
200
110
200
121
193
23
112
81
17
46
134
31
81
164
48
200
37
200
139
36
154
14
200
200
200
145
79
200
40
86
27
200
81
200
154
34
138
52
150
14
200
54
47
200
150
38
48
120
72
124
73
48
100
98
112
60
41
160
130
200
110
21
72
34
65
25
84
35
132
33
88
92
67
47
32
61
97
142
106
80
21
45
61
52
64
160
