200
200
200
200
151
200
156
200
200
200
200
200
200
197
200
126
200
200
200
200
200
200
200
200
200
149
200
141
200
186
200
200
99
200
81
200
42
135
200
200
200
200
147
200
200
200
104
200
200
36
200
168
200
200
200
89
200
97
162
194
53
64
188
196
200
80
45
200
200
110
41
200
200
200
169
200
68
184
184
130
200
200
97
26
200
170
200
172
200
93
67
200
200
165
48
200
200
200
200
200
157
200
200
200
64
126
54
98
111
105
182
200
200
66
200
200
122
200
200
200
42
200
200
139
200
200
200
151
200
45
184
104
46
200
189
200
90
200
146
54
200
135
200
120
200
162
196
177
51
200
