200
200
200
200
170
200
200
200
200
200
200
200
200
53
130
200
200
130
178
200
162
200
200
200
90
200
200
200
198
200
194
126
200
200
157
162
146
200
200
148
152
200
190
200
200
100
121
200
200
200
101
173
200
200
200
198
200
119
169
151
28
200
61
200
186
53
200
200
116
151
62
58
64
76
150
200
200
124
31
96
75
74
56
193
158
172
123
200
36
15
52
174
185
67
159
121
96
200
200
85
86
28
39
67
148
136
200
52
51
200
32
134
94
200
42
200
88
95
95
73
48
34
24
19
81
38
56
66
122
68
123
76
93
50
200
24
82
40
200
43
55
47
32
48
130
45
157
17
64
189
