200
200
200
200
200
200
200
200
200
87
200
200
200
200
200
85
200
104
200
200
200
200
191
200
200
200
132
200
153
200
200
200
200
200
55
200
99
66
200
154
180
200
187
164
121
76
151
200
103
200
200
124
200
200
190
200
200
200
200
200
200
105
78
200
73
200
113
79
200
200
200
69
120
200
105
89
97
200
200
61
200
92
200
200
200
200
23
200
125
65
175
60
154
51
200
200
200
33
46
200
200
200
200
162
200
129
200
84
200
200
84
118
200
32
51
127
84
82
95
200
200
54
200
105
65
127
200
200
200
37
129
135
200
90
200
122
200
198
196
199
75
200
200
200
38
190
168
200
200
178
