200
200
200
200
200
200
200
200
200
103
200
165
79
72
200
200
200
163
200
125
79
170
200
200
200
200
200
161
200
200
72
200
200
93
154
47
200
56
200
200
200
200
168
200
200
200
200
200
125
200
63
200
200
155
176
200
85
200
200
132
200
200
200
40
200
200
200
24
200
148
200
200
200
123
200
200
200
200
114
151
75
63
39
200
200
200
183
200
200
141
200
110
200
176
200
200
200
200
101
200
200
164
146
200
88
93
133
200
200
67
160
200
200
200
200
154
200
200
137
78
165
200
200
200
200
200
116
200
200
144
85
47
185
47
18
200
176
101
200
200
200
200
146
200
81
200
200
200
200
108
