200
200
158
200
200
200
76
200
200
96
199
38
147
68
59
200
200
200
200
166
40
131
200
200
200
200
200
200
152
115
200
200
161
200
200
200
135
200
200
200
200
200
86
114
71
200
25
200
200
144
200
99
200
200
181
200
200
200
145
180
146
68
200
33
200
200
132
200
71
64
65
200
59
200
59
129
179
114
29
117
200
130
93
87
200
50
133
200
200
117
181
91
200
200
200
34
155
200
43
38
89
100
32
93
200
139
197
200
200
54
199
185
146
144
141
99
200
85
25
182
200
200
132
47
50
200
200
30
77
200
200
200
68
133
151
200
200
153
172
87
200
200
48
200
200
66
72
17
122
56
