200
73
200
200
200
200
200
200
200
200
136
200
43
112
200
200
200
200
121
200
200
195
99
114
72
200
200
200
200
200
73
200
200
36
200
200
200
200
200
200
200
86
200
96
108
200
178
200
200
200
26
200
200
200
200
94
200
200
200
200
200
119
200
47
200
200
200
22
200
94
200
200
74
200
91
200
33
85
200
100
86
165
165
200
200
200
200
200
200
146
200
200
94
104
140
173
200
200
129
200
200
34
200
126
130
129
137
200
71
200
192
67
200
200
130
200
200
200
200
79
93
88
200
97
200
164
200
84
200
200
55
200
200
92
200
146
162
165
200
165
188
66
200
119
28
127
200
137
37
50
