88
89
200
200
165
112
200
146
62
200
135
200
200
200
119
94
49
200
79
200
120
200
200
200
200
200
200
163
82
62
200
53
144
138
200
200
196
200
200
200
200
143
200
200
133
48
200
60
200
136
200
200
200
200
200
200
95
34
200
200
200
200
80
142
200
199
34
200
101
61
27
200
200
166
200
40
133
26
200
39
29
200
153
54
63
200
200
200
40
20
200
75
200
200
43
184
23
64
56
191
94
178
196
137
168
40
135
114
144
36
108
200
116
119
64
83
80
49
33
200
90
38
128
160
182
200
36
200
40
76
20
41
111
86
77
135
24
200
200
200
129
18
63
59
59
200
42
29
120
14
