200
114
200
153
200
200
95
200
135
200
179
132
200
159
70
200
150
200
158
200
200
126
200
200
189
200
200
200
76
200
200
200
200
200
21
200
200
200
200
200
200
200
200
200
84
71
116
146
149
200
136
200
178
106
200
200
200
153
28
43
185
127
200
53
200
127
200
200
56
140
200
68
200
200
176
75
200
116
200
200
106
200
135
61
89
87
55
92
199
59
200
125
200
200
139
164
99
200
200
150
200
109
126
200
200
170
200
200
200
160
200
200
109
200
200
200
196
151
200
88
200
200
200
200
200
200
200
37
200
91
38
200
44
200
128
118
200
200
200
143
129
200
200
200
115
200
200
137
122
139
