200
200
188
200
200
200
200
200
200
200
200
200
200
200
200
200
135
160
68
200
200
188
200
200
200
172
87
200
200
200
200
199
119
200
186
200
200
200
200
200
200
200
200
200
135
200
200
200
150
200
200
200
39
67
200
200
59
200
200
100
200
200
200
129
181
200
100
125
69
200
124
200
153
200
121
200
133
200
84
196
142
101
200
156
200
200
93
200
200
200
200
200
200
139
200
105
200
48
200
200
200
44
200
200
200
200
52
103
200
193
30
194
94
200
200
145
123
200
123
157
200
137
150
200
125
190
200
86
200
200
182
148
200
200
200
200
135
60
200
200
97
200
200
200
57
173
166
69
200
200
