200
200
200
200
200
200
200
200
200
112
184
200
200
200
200
198
200
200
200
200
200
200
132
93
143
200
200
196
164
47
200
44
200
200
164
200
200
200
12
124
40
93
200
200
171
200
200
129
148
200
99
61
200
101
108
71
100
200
200
43
200
55
71
161
200
200
200
158
200
38
200
196
27
111
68
82
40
156
200
187
191
27
200
200
85
47
124
87
27
94
63
119
100
200
200
200
38
46
188
78
73
20
16
76
75
54
117
156
51
47
19
102
170
46
41
49
111
200
81
19
39
140
102
46
64
91
29
32
17
28
85
106
143
16
47
25
122
200
200
86
37
67
134
68
23
53
72
200
15
44
