200
200
200
200
200
200
200
200
200
200
200
92
200
114
166
185
200
156
129
200
40
93
200
200
115
200
200
200
158
200
92
200
200
200
42
185
200
200
63
200
200
110
200
200
200
200
114
200
143
42
141
200
138
200
116
200
82
146
103
79
185
198
183
73
115
131
199
200
200
200
200
200
200
150
200
31
123
200
175
200
198
129
200
200
200
200
113
200
39
106
180
200
83
122
200
160
200
132
48
129
200
147
84
200
199
66
168
116
121
104
97
96
200
24
200
101
200
117
200
200
200
72
78
27
200
200
39
51
43
104
84
62
200
63
200
200
65
200
96
74
76
200
151
170
139
200
200
135
200
200
