200
99
200
200
200
200
152
200
200
200
200
200
200
200
200
200
48
168
200
159
200
200
98
64
69
200
108
200
200
164
101
133
200
200
200
199
200
200
200
81
125
200
200
175
151
136
24
200
200
200
200
32
200
16
200
200
200
149
20
200
200
42
97
200
118
137
53
85
200
110
83
53
200
55
45
200
133
50
77
200
200
79
64
57
188
42
200
74
111
126
190
200
141
93
142
56
200
30
132
102
142
66
200
35
54
100
200
178
77
178
111
33
14
107
200
26
37
200
82
118
147
198
114
58
61
44
127
90
112
14
184
171
21
156
106
123
115
39
39
104
76
200
32
39
88
30
97
188
42
30
