200
200
200
200
200
200
200
200
200
200
200
200
200
200
200
200
200
200
116
200
153
200
137
40
50
164
200
150
80
200
151
26
127
40
177
38
158
63
113
200
170
154
127
200
200
76
15
71
124
128
42
116
143
42
87
67
43
200
162
190
44
200
29
36
200
88
176
48
102
153
23
72
106
76
200
158
40
21
115
200
182
118
57
200
32
30
81
200
58
122
54
70
200
147
187
43
36
159
89
19
101
60
46
50
51
91
91
200
77
27
191
34
26
200
35
160
53
63
49
97
125
84
44
121
160
43
122
24
41
99
134
200
22
155
53
90
72
67
194
20
25
155
156
39
92
44
63
55
50
115
