200
200
200
200
200
200
200
200
200
200
200
200
200
200
81
109
200
108
200
200
127
200
200
200
200
200
46
145
82
200
200
200
200
200
101
89
178
132
200
103
200
148
200
200
200
200
155
200
200
139
185
145
59
103
61
200
178
195
64
200
200
56
200
18
200
200
84
103
93
136
112
200
185
47
29
74
200
135
75
66
156
200
155
68
87
200
200
198
200
153
111
115
200
200
200
200
200
143
200
194
61
145
136
96
200
200
200
200
200
61
155
106
77
58
135
200
96
59
200
86
87
118
200
152
139
200
117
123
191
186
200
200
200
200
86
106
200
200
200
178
108
200
200
122
200
102
200
200
34
200
