200
200
200
200
200
200
200
200
200
200
200
200
200
200
200
200
200
200
69
200
200
61
145
197
200
200
200
122
169
200
130
200
200
200
200
50
54
166
121
200
200
200
137
200
200
200
190
200
169
200
200
61
84
190
53
153
71
200
98
200
200
46
200
200
78
164
90
132
141
103
200
200
148
200
200
200
200
200
124
180
71
141
59
200
200
149
200
165
200
200
65
200
200
105
200
142
200
168
200
47
200
185
52
200
200
105
200
16
200
46
189
200
200
200
173
200
200
200
200
160
200
59
142
200
200
200
86
70
184
19
56
33
76
200
200
200
92
200
122
200
200
35
73
200
166
102
126
200
200
200
