200
154
200
200
127
200
200
200
200
48
200
176
155
200
200
74
200
200
200
200
200
200
200
118
200
200
165
200
200
200
70
47
200
132
142
200
138
101
200
200
87
200
89
31
200
200
200
200
191
200
200
195
156
200
200
200
200
200
25
122
91
13
200
113
31
200
200
41
191
200
165
200
37
94
200
31
200
154
200
100
46
200
55
200
200
57
200
92
121
167
200
44
88
122
200
53
87
80
200
52
200
46
15
76
68
30
115
54
33
24
200
91
200
108
53
200
199
72
71
54
131
73
140
63
65
40
136
53
200
167
174
54
45
59
167
77
200
23
109
32
20
45
78
197
100
200
44
74
125
67
