200
200
200
200
200
200
200
200
200
200
200
166
200
200
200
200
200
200
200
139
200
141
200
200
200
121
172
200
200
86
200
200
172
200
200
182
200
200
200
128
80
200
75
200
200
176
200
200
200
200
92
72
200
200
200
163
200
200
193
100
82
159
200
200
121
200
200
74
200
86
140
113
82
200
200
68
200
200
200
200
46
188
200
200
200
200
155
77
200
92
111
140
200
181
155
200
162
98
199
200
41
186
200
200
200
155
200
200
200
200
200
200
99
200
200
114
200
116
176
200
200
200
161
114
48
173
200
200
200
200
200
200
200
139
200
200
200
200
200
41
142
200
156
200
76
86
200
200
197
200
