200
200
200
200
200
200
200
200
200
200
200
200
200
200
200
200
200
200
71
200
200
200
98
200
139
173
200
200
200
195
200
200
173
200
200
173
200
200
142
200
57
200
128
88
200
135
200
200
200
200
56
200
132
200
24
200
200
200
118
200
200
80
200
200
200
200
176
200
200
156
200
44
200
200
195
200
200
94
200
176
161
155
69
185
150
200
200
200
169
148
200
109
94
119
88
200
200
171
200
200
84
200
200
200
200
200
200
200
200
30
200
200
200
31
29
200
200
200
43
200
123
58
31
95
114
200
200
200
190
200
200
200
146
200
200
200
200
123
151
97
200
200
200
200
133
75
200
200
200
200
