200
200
200
200
200
141
163
104
199
200
200
173
97
200
200
200
200
200
197
200
200
200
200
200
200
170
136
98
160
200
200
200
200
200
187
200
200
200
132
47
200
200
105
200
200
171
200
200
200
86
200
200
164
141
200
41
200
21
190
94
200
35
35
99
200
200
111
200
102
69
54
37
63
200
84
33
200
113
200
108
200
81
83
78
102
77
37
141
100
117
118
144
94
200
152
200
93
200
137
133
44
200
200
46
198
200
118
132
200
18
164
100
99
48
147
58
200
155
40
80
24
36
200
44
87
200
151
200
40
197
117
80
198
43
20
181
14
43
105
200
44
200
40
67
200
173
52
131
200
200
