200
200
200
200
200
200
200
200
200
200
200
128
158
27
200
200
200
170
187
200
195
200
41
104
101
200
134
188
146
200
141
200
200
71
200
200
62
200
200
46
200
200
200
200
200
85
200
140
92
200
176
200
200
102
200
200
118
96
200
147
200
200
126
200
200
200
200
200
103
90
200
200
200
197
200
200
200
84
200
200
70
180
200
200
200
200
160
200
106
200
188
200
200
200
200
100
195
55
200
35
200
83
17
32
74
151
123
200
30
99
200
155
189
200
200
114
58
150
169
50
200
94
129
200
200
57
200
200
154
200
200
193
200
200
146
50
134
29
200
200
200
54
57
75
26
168
81
70
200
121
