195
200
200
60
200
200
200
200
200
81
198
200
172
200
200
200
131
200
200
200
122
200
200
200
182
200
200
188
200
108
169
200
127
200
105
200
135
173
200
113
200
200
71
200
200
200
82
88
97
200
200
163
42
200
200
77
179
196
160
113
143
200
86
200
128
74
200
39
51
200
200
150
188
35
147
111
51
200
200
76
172
125
200
128
54
75
74
99
200
200
200
101
189
200
163
99
200
62
200
199
196
200
62
120
146
70
200
21
200
200
200
200
200
36
112
159
67
43
105
200
44
56
44
128
179
123
183
59
200
200
89
160
200
146
135
200
79
167
200
49
200
43
32
200
200
46
190
200
56
162
