200
200
200
108
200
183
93
200
200
89
200
140
128
200
200
200
22
200
200
117
200
200
61
200
136
200
200
163
144
200
158
75
131
200
200
200
200
200
200
200
52
91
200
172
200
200
200
200
142
200
200
52
200
200
57
200
170
200
200
200
200
42
78
200
200
199
200
200
190
64
200
181
200
138
200
129
175
118
200
200
200
48
200
73
200
170
36
85
200
200
104
91
200
200
200
200
200
200
187
200
200
200
110
176
200
200
121
200
171
75
200
200
200
27
122
164
65
197
200
162
200
200
200
200
200
60
73
142
200
200
74
126
106
40
200
59
200
69
78
200
126
200
200
179
94
49
200
41
109
200
