200
200
200
68
200
125
200
63
200
200
122
200
200
200
160
184
172
200
200
200
200
200
200
154
200
91
51
70
200
114
200
200
200
200
64
113
198
171
200
200
200
200
200
122
163
200
126
200
138
200
121
200
200
185
200
200
200
200
200
200
38
200
26
154
64
183
200
200
54
200
200
200
200
200
121
200
101
114
169
200
200
200
200
45
104
181
84
13
160
200
119
36
157
68
200
121
131
139
200
65
127
150
200
189
175
200
143
56
89
75
63
42
114
164
189
117
18
32
112
150
200
103
31
82
131
200
198
83
36
28
28
120
200
144
36
200
200
200
154
83
150
83
175
200
105
29
20
200
200
59
