200
200
200
171
200
200
200
200
184
200
145
154
200
112
200
114
200
200
200
200
200
200
178
67
200
200
82
200
200
200
185
200
87
200
199
200
164
200
200
200
200
200
200
200
173
200
26
144
200
191
113
125
200
200
200
200
200
200
200
36
200
200
200
200
200
34
200
200
200
200
200
200
200
32
200
200
181
200
136
147
200
123
200
200
200
163
200
69
52
200
200
153
46
34
39
200
113
200
53
84
200
75
40
200
70
137
61
29
200
96
117
34
17
92
96
153
170
52
190
200
166
200
200
91
63
200
89
152
137
126
200
200
24
18
200
190
108
53
200
72
39
188
70
200
200
146
89
142
91
90
