200
200
200
200
200
200
200
200
200
200
200
134
200
105
200
200
73
200
128
200
200
200
50
200
166
200
73
33
200
54
200
200
180
200
200
200
21
200
200
200
63
200
120
129
200
30
122
200
200
200
75
109
198
200
60
200
67
81
200
200
200
200
22
178
200
200
114
200
190
200
200
200
200
145
200
200
200
200
200
200
39
193
75
200
200
200
72
200
82
200
200
200
200
34
200
131
99
200
200
68
92
200
110
200
117
200
96
198
200
157
200
200
26
111
38
106
76
200
91
156
150
146
165
200
107
200
200
117
91
109
63
144
78
23
59
85
111
83
77
200
48
200
94
200
33
200
32
189
147
200
