200
200
200
200
200
200
141
200
200
200
200
200
179
200
200
200
200
200
200
200
125
109
200
200
200
103
23
160
200
127
200
79
200
89
200
200
200
132
20
107
200
200
200
190
44
200
200
200
104
200
200
48
119
51
55
112
15
200
47
151
147
200
200
193
99
162
200
146
136
154
67
197
200
161
65
161
81
71
150
110
75
16
200
16
146
89
200
200
56
200
97
200
200
107
84
177
102
102
36
200
76
119
77
71
32
117
90
184
71
52
123
188
137
22
200
55
163
64
178
52
75
58
51
56
174
200
200
72
37
32
52
110
174
63
135
92
53
116
98
121
28
107
79
69
47
62
95
181
117
96
