200
200
200
200
200
200
200
200
200
200
77
74
183
200
121
26
200
200
200
147
200
200
151
200
117
196
200
200
61
182
200
149
200
62
200
200
117
146
78
200
200
200
200
70
200
200
134
188
200
200
200
200
200
200
108
158
200
200
170
200
200
77
44
200
200
199
189
138
200
167
200
200
174
200
200
37
200
200
151
200
200
162
200
200
64
200
63
200
200
200
200
135
200
200
21
200
161
200
124
200
200
200
147
198
179
179
164
152
200
200
131
200
200
200
200
200
35
200
18
28
88
76
195
185
200
193
94
142
66
200
102
200
200
82
67
115
47
113
28
200
91
200
200
200
200
85
200
200
200
126
