160
200
200
200
186
200
200
200
200
200
200
200
119
68
200
200
30
186
36
138
143
140
88
200
114
158
53
200
185
200
200
200
46
38
40
97
187
200
41
113
31
200
63
123
95
180
200
27
147
94
93
114
200
200
200
90
200
32
200
40
109
200
100
200
138
53
57
17
21
49
90
29
154
41
112
200
136
178
55
51
67
19
170
60
22
67
55
30
138
200
39
200
200
54
77
22
53
11
52
45
41
92
86
200
15
99
94
95
33
139
39
129
33
82
133
15
119
146
27
15
24
69
99
158
200
200
21
134
75
66
190
17
39
93
68
85
200
200
32
74
20
28
102
24
77
18
81
58
86
30
