185
200
200
146
51
47
196
75
200
196
119
200
147
57
82
164
80
80
200
81
123
200
83
51
96
17
73
57
180
200
200
58
27
67
57
200
67
92
56
90
70
200
78
129
126
76
163
95
23
81
200
70
185
147
145
28
34
82
134
178
117
47
80
51
200
200
87
120
200
29
38
200
54
66
200
77
200
71
81
92
187
200
200
129
196
146
25
56
59
105
94
200
105
42
200
32
135
19
200
109
132
15
22
38
61
26
15
24
97
200
143
56
128
39
73
36
200
104
39
68
27
184
21
35
58
9
81
55
154
58
30
34
30
77
85
183
84
83
21
12
63
32
49
83
26
44
25
24
111
77
