200
200
200
200
200
200
200
200
200
146
184
200
139
200
200
101
78
200
200
142
61
180
200
200
200
200
200
49
200
200
200
53
120
131
164
178
139
200
106
200
200
137
200
200
200
134
36
175
80
193
115
123
200
200
200
200
118
200
200
200
121
200
54
127
99
58
64
200
200
197
156
103
200
83
148
200
117
200
200
200
96
76
62
200
200
89
200
116
200
200
200
200
200
200
78
200
52
129
72
200
200
137
57
200
200
99
200
200
143
175
200
200
200
200
200
200
200
191
177
22
200
200
200
200
200
50
115
41
146
139
200
200
200
200
200
34
200
41
200
46
200
200
147
18
86
200
200
29
37
44
