200
200
200
200
200
200
200
200
200
200
200
200
200
200
200
200
200
175
171
200
115
200
200
200
200
200
200
27
158
200
200
200
124
200
200
200
200
98
200
200
200
170
169
159
76
200
200
200
165
200
200
200
29
200
141
200
200
200
200
200
200
200
200
200
159
200
79
200
107
169
200
200
192
200
200
200
65
200
200
86
150
141
43
200
166
200
200
200
200
200
162
200
200
198
200
151
141
113
200
200
61
200
113
190
200
200
200
200
35
67
187
200
97
200
200
200
200
200
200
200
160
200
183
116
160
200
63
200
200
200
200
200
200
200
200
156
200
134
200
200
200
200
91
200
191
200
200
200
59
44
