200
200
200
200
200
200
200
199
200
200
200
200
200
200
200
200
200
53
200
200
200
200
200
200
200
200
200
96
200
170
200
102
200
200
200
168
200
41
133
103
200
200
149
145
200
129
160
40
138
200
128
200
200
107
160
200
114
200
34
200
75
70
200
200
200
200
200
200
200
26
162
119
200
200
200
200
48
119
108
200
200
200
200
67
166
200
200
200
200
200
200
200
200
200
200
149
28
200
200
200
200
200
23
200
189
200
139
200
132
200
200
200
126
200
33
17
200
156
76
200
180
200
200
200
200
200
200
149
77
200
200
200
200
38
200
200
200
32
17
67
200
200
49
200
25
200
200
143
63
200
