200
200
200
200
200
200
200
200
200
200
200
200
200
200
200
200
200
200
200
200
200
200
200
200
200
200
200
200
200
200
200
200
200
200
200
200
200
200
200
68
200
149
200
117
148
200
200
200
157
200
200
200
116
200
200
200
200
165
200
169
139
157
145
116
196
200
46
72
165
196
94
195
200
200
118
200
200
114
200
200
51
34
53
107
200
200
69
90
200
71
183
130
80
89
97
123
144
85
200
194
200
33
42
55
70
200
119
200
200
200
64
77
200
65
60
200
200
200
67
200
200
26
200
120
200
200
200
82
55
200
123
103
200
142
155
154
200
182
200
200
200
200
177
74
200
61
75
181
200
200
