200
200
200
200
200
200
200
200
200
200
200
200
200
200
200
200
200
200
200
200
200
200
64
30
200
200
200
200
200
200
200
200
48
200
200
200
200
200
200
200
200
95
51
200
50
200
155
200
200
144
200
98
200
49
200
200
200
200
200
200
200
87
200
127
200
200
200
90
142
200
200
92
200
200
200
146
200
200
200
200
131
200
200
200
200
18
200
200
200
200
200
200
200
200
200
200
111
142
200
184
200
200
124
200
200
200
200
200
49
134
200
200
98
200
57
200
121
200
200
200
134
200
108
103
200
80
101
200
200
200
116
200
200
57
200
16
200
200
200
149
200
200
97
200
131
200
95
200
197
123
