200
200
200
200
200
200
44
124
200
200
18
200
200
200
200
200
200
200
200
41
200
200
200
80
200
200
113
200
200
200
200
200
165
200
200
200
200
200
200
200
200
200
200
111
200
200
200
171
133
148
200
93
200
200
200
200
100
200
200
200
200
200
200
70
200
200
200
181
200
200
200
154
200
200
195
200
200
200
200
153
87
161
200
200
200
142
103
170
200
200
200
200
200
110
200
200
118
200
200
95
190
200
200
200
200
200
91
133
88
200
200
180
32
200
129
200
137
169
131
200
200
178
200
193
200
200
200
200
98
200
200
200
200
200
200
200
200
200
187
200
36
200
200
200
103
200
200
200
200
200
