110
200
200
126
200
200
200
200
200
200
200
200
200
200
117
200
200
200
200
200
200
200
200
200
200
200
200
200
200
128
200
112
200
200
200
156
161
167
200
200
59
200
200
152
198
198
77
200
200
143
200
135
200
200
200
195
193
200
200
200
143
200
200
145
68
200
200
200
200
178
48
200
65
200
67
155
200
200
200
200
64
200
200
200
200
200
200
200
192
200
200
86
200
156
59
200
24
200
187
200
110
127
200
77
200
200
200
142
200
105
200
200
21
160
83
200
200
166
200
200
200
75
200
200
200
37
200
83
200
152
138
200
200
200
200
128
138
163
119
200
200
200
66
200
129
200
119
84
98
78
