200
200
200
200
200
200
200
200
114
200
200
200
123
200
108
200
200
200
200
162
135
200
67
200
200
200
86
200
107
200
179
200
200
200
200
200
200
200
200
200
200
200
85
103
200
200
149
89
200
58
200
200
152
200
200
200
200
200
200
200
200
200
78
198
200
200
128
69
200
200
200
200
200
200
170
200
200
156
56
158
164
200
200
200
200
200
137
200
200
70
200
95
200
188
200
200
81
200
200
200
137
136
200
200
200
200
200
94
200
200
95
200
200
200
200
173
200
200
200
80
118
200
200
200
200
149
200
200
200
200
93
200
156
200
200
200
200
143
92
176
200
88
64
200
200
200
200
200
134
200
