200
200
200
200
200
200
200
200
200
200
199
200
120
200
200
169
200
200
200
200
126
200
200
200
84
131
200
139
200
200
200
200
200
200
164
200
200
200
200
200
200
200
200
200
200
200
137
144
200
200
200
200
58
200
200
200
200
95
30
200
200
200
200
200
200
200
200
200
200
200
200
200
93
178
174
200
83
200
62
200
200
200
200
154
200
200
200
200
200
200
200
200
200
170
200
200
200
200
69
49
200
73
200
194
172
200
132
125
200
200
134
200
200
200
200
141
99
31
172
180
200
40
144
106
200
200
200
200
200
200
93
200
200
79
200
188
85
122
91
69
200
63
129
126
188
200
200
200
200
187
