200
200
200
200
200
200
200
200
200
200
200
200
200
200
200
200
200
200
200
200
200
200
200
200
200
200
167
200
200
200
200
200
200
200
200
200
61
200
200
200
200
200
200
200
200
200
200
200
200
200
200
200
200
200
200
200
200
200
30
173
200
117
200
184
200
200
200
108
75
200
200
90
200
200
200
171
151
195
200
95
200
48
200
154
72
118
200
200
200
110
150
200
200
56
200
200
109
200
200
200
100
200
170
200
200
119
168
200
60
200
200
37
200
67
200
200
200
200
159
125
200
200
200
165
200
200
200
94
51
98
194
200
200
200
85
200
139
200
200
200
200
152
151
54
200
72
52
61
200
129
