200
200
200
200
200
200
200
179
200
200
200
200
200
200
200
200
200
200
200
200
200
200
200
121
191
200
200
114
200
200
200
200
200
200
200
200
159
186
200
200
200
200
124
200
141
200
200
200
200
200
200
184
81
32
200
200
200
200
200
168
200
200
200
200
200
200
200
200
200
200
200
200
164
200
200
200
200
200
200
200
200
200
200
200
200
200
200
200
200
200
200
145
148
200
200
200
200
144
200
114
200
200
200
62
88
200
200
200
200
193
167
72
150
200
200
200
200
200
70
200
200
200
53
200
200
200
200
200
99
200
87
200
200
200
80
179
200
200
200
200
125
200
66
200
88
200
200
200
75
78
