200
200
200
200
200
200
200
200
200
200
200
200
200
200
200
200
200
200
109
200
200
200
200
200
200
200
200
200
200
200
200
200
200
200
200
200
200
200
200
200
200
200
200
200
141
144
200
200
200
200
200
116
200
200
97
64
200
200
200
154
48
200
200
145
171
200
40
147
117
200
200
200
200
46
142
97
200
44
200
125
200
200
76
189
200
200
102
122
17
184
200
110
200
200
73
168
144
65
160
200
200
63
200
200
200
200
97
146
200
200
95
200
198
178
200
200
200
200
200
200
164
145
200
167
200
200
76
200
200
200
200
200
93
200
200
200
199
200
200
200
200
87
200
200
200
184
200
200
200
166
