200
200
200
200
200
200
200
200
200
200
200
196
200
200
200
200
200
200
200
90
200
200
200
200
200
154
163
200
45
200
200
200
200
200
170
200
200
200
200
200
200
200
52
200
152
200
188
200
200
200
200
200
200
200
200
23
69
52
38
200
200
200
151
200
87
200
200
49
200
200
166
40
200
200
114
27
200
200
200
70
153
200
61
146
141
200
16
200
173
200
200
173
143
97
200
200
200
200
200
200
200
127
200
200
200
200
200
200
200
122
58
200
133
200
56
100
88
200
200
200
97
115
118
105
200
138
200
200
110
200
125
200
200
200
64
185
77
200
200
200
200
200
200
200
200
200
200
130
200
200
