200
200
200
200
200
200
200
200
200
200
200
200
200
171
200
154
104
200
200
200
200
200
200
200
106
200
200
200
76
123
200
187
169
200
200
200
200
200
200
160
200
141
200
132
200
200
170
200
200
200
200
113
200
80
200
200
200
127
200
200
61
200
200
200
200
200
198
200
200
200
184
200
200
109
200
200
72
173
101
145
200
200
200
200
176
200
200
200
200
145
200
200
185
200
40
200
200
200
200
200
36
200
139
131
137
200
200
176
137
200
161
200
49
200
200
49
77
200
200
200
126
200
102
200
200
200
200
91
163
200
200
179
200
71
200
191
200
99
200
114
200
186
197
200
200
193
46
200
200
38
