200
200
200
200
200
200
200
200
200
172
200
200
200
200
200
38
200
200
200
200
92
200
200
200
200
200
200
200
111
119
200
200
200
197
200
200
200
200
200
200
200
200
200
86
200
200
129
200
200
200
76
200
200
200
200
200
193
200
200
200
106
200
200
77
200
200
140
200
177
200
200
200
91
128
200
200
132
181
106
200
200
200
200
191
200
199
200
200
200
200
200
200
200
200
200
200
119
200
200
200
155
200
200
200
143
163
200
73
200
200
35
200
96
104
200
100
182
200
200
200
192
118
200
200
143
200
200
99
200
200
200
200
196
200
200
200
197
200
200
90
200
200
89
163
188
200
200
200
200
200
