200
200
200
200
200
200
200
200
200
200
200
200
200
169
200
200
200
105
200
200
108
200
200
200
200
200
200
200
99
200
200
200
200
160
200
200
200
200
155
200
200
200
200
200
200
200
140
200
200
200
200
200
122
200
200
200
200
200
200
200
200
163
200
200
200
200
200
194
200
200
200
178
200
200
200
200
200
200
200
44
132
87
200
200
200
200
200
200
200
133
180
26
71
200
200
59
159
149
156
49
35
200
200
149
200
200
105
59
137
200
108
164
200
66
84
200
26
200
200
200
119
39
79
200
191
156
200
200
17
200
114
156
200
200
83
191
200
200
190
155
200
200
171
158
200
200
200
200
194
200
