200
200
200
200
200
200
200
163
200
200
200
200
200
200
200
200
200
148
200
170
200
200
200
200
200
200
200
200
200
200
135
200
200
200
200
19
200
178
177
66
82
69
200
200
200
184
200
200
117
200
200
200
200
200
187
200
200
196
148
127
200
200
52
200
200
200
200
200
200
200
169
133
200
154
200
200
200
200
85
200
200
141
200
200
200
200
200
200
120
200
200
181
200
200
155
165
200
200
200
200
200
200
86
200
200
192
200
200
200
200
126
200
200
200
103
191
200
59
200
200
200
200
155
200
200
200
200
88
200
200
200
160
151
200
200
200
97
200
200
200
87
132
175
200
200
200
84
200
200
40
