200
200
200
200
200
200
200
200
200
200
200
200
200
200
174
200
200
200
200
200
200
200
110
200
200
143
200
200
200
131
143
200
200
147
200
200
200
200
200
142
200
194
200
200
200
199
200
200
200
200
200
200
200
200
200
200
200
200
200
200
200
76
123
200
200
108
200
200
200
71
200
200
200
63
200
200
77
200
76
200
200
92
95
200
200
68
200
200
200
200
123
48
200
200
172
84
82
90
85
122
149
125
50
200
200
200
200
142
200
200
39
49
200
121
80
88
200
158
41
116
200
119
200
52
134
200
200
91
51
200
200
75
200
110
84
200
200
46
200
173
200
168
200
200
71
157
125
200
200
200
