200
200
200
200
174
104
200
200
200
148
200
200
200
200
200
200
200
200
91
200
200
145
200
200
200
157
95
200
200
200
153
200
180
200
46
200
200
200
200
200
200
168
200
200
200
200
110
32
193
200
115
200
200
17
164
200
200
200
143
48
163
138
177
142
200
63
200
200
122
200
57
182
87
66
200
125
147
83
36
64
200
200
200
200
200
200
200
61
145
200
70
200
169
200
149
161
103
88
200
200
200
178
200
200
200
63
200
200
191
200
200
200
200
187
186
200
198
111
200
200
200
200
200
63
200
200
200
200
200
187
43
200
160
33
122
200
168
200
200
200
115
197
141
200
99
98
200
200
200
170
