200
200
200
200
200
200
200
200
200
200
200
200
200
200
200
200
200
200
150
200
200
200
200
200
200
200
200
200
168
200
200
136
200
200
200
200
200
200
200
200
200
200
182
200
200
200
200
200
93
200
200
200
200
200
63
200
200
200
200
200
200
200
87
200
200
200
200
200
150
99
200
200
114
200
200
98
200
200
200
98
18
200
110
200
191
200
200
74
200
128
200
200
200
200
174
64
116
200
200
85
200
194
173
164
200
30
128
200
200
200
124
87
186
128
200
159
132
200
200
200
92
81
200
56
200
200
200
200
200
53
89
200
155
52
200
200
200
131
200
200
81
200
148
200
200
200
41
148
200
149
