200
200
200
200
200
200
31
200
200
200
200
200
200
200
200
200
200
200
200
200
200
200
200
94
49
57
148
200
200
200
162
200
200
200
200
200
200
200
200
53
200
200
132
200
200
200
200
180
200
75
179
200
200
105
200
200
200
156
40
169
200
200
178
200
59
47
175
44
90
200
155
146
178
23
200
86
40
200
200
200
163
200
200
200
77
75
200
177
200
39
200
181
200
81
180
200
153
200
55
200
79
18
200
162
54
200
186
21
73
200
200
57
101
200
200
200
66
200
200
85
116
149
42
77
200
200
200
200
200
172
23
200
200
200
189
188
128
200
200
200
16
123
30
143
200
200
21
153
200
200
