200
200
200
200
200
66
200
200
200
200
200
200
181
177
200
200
200
200
200
200
200
200
200
200
200
200
200
200
86
200
200
198
115
200
200
64
200
166
200
200
171
200
200
200
200
152
200
127
121
113
200
200
134
200
200
200
145
200
200
132
200
200
128
200
200
79
200
200
200
200
200
200
186
87
61
200
200
185
200
200
200
200
200
200
108
200
200
200
200
56
200
200
200
135
200
200
200
123
200
200
200
200
200
125
200
101
126
64
200
200
123
200
195
200
170
200
200
50
121
200
200
200
196
149
75
196
200
200
200
200
200
34
200
200
200
200
200
36
200
200
182
200
200
200
187
67
200
200
200
81
