200
163
200
153
200
200
182
200
200
200
200
200
200
200
200
196
200
200
200
173
59
200
200
200
200
56
80
102
200
200
200
168
200
200
172
88
200
200
177
200
200
52
102
200
101
200
109
200
200
49
156
107
37
109
141
99
200
200
200
138
98
62
199
99
109
159
24
147
58
30
118
135
153
169
63
99
98
200
200
200
146
165
46
96
200
32
191
130
200
68
200
200
52
126
200
200
95
200
200
116
88
123
79
200
200
47
158
193
79
11
142
200
200
200
63
35
200
38
200
72
103
200
200
80
200
134
200
67
200
181
107
200
200
26
200
142
200
200
157
173
200
42
200
200
20
158
200
183
148
200
