200
200
179
200
200
200
200
200
200
200
200
200
200
200
200
200
200
159
200
200
200
200
200
200
200
200
200
200
200
198
200
200
200
200
200
200
200
144
200
200
200
200
200
200
200
200
140
27
152
200
200
200
200
200
200
179
155
200
200
200
200
200
200
200
200
200
200
105
200
200
200
200
114
65
200
200
122
200
200
55
200
123
200
200
153
138
200
200
200
149
112
200
200
95
164
200
172
200
200
200
200
200
200
60
160
200
21
200
200
81
200
200
200
200
200
190
200
133
200
200
200
200
200
142
200
95
200
200
116
98
99
200
69
200
200
17
53
200
200
47
141
160
200
200
185
200
200
200
200
142
