200
200
200
200
200
200
200
200
200
200
200
200
200
200
200
200
200
174
200
200
200
200
200
200
200
200
200
200
200
200
200
200
200
155
148
200
200
200
200
200
200
96
200
200
200
200
70
200
200
200
200
200
200
200
200
68
187
200
85
200
200
160
200
200
200
35
200
200
200
200
92
200
195
164
200
97
200
200
200
200
200
200
200
200
200
200
200
200
200
200
200
104
200
200
200
153
200
200
108
84
200
200
100
200
200
84
76
136
177
103
200
200
200
200
200
200
200
200
170
100
200
55
200
200
134
147
162
200
200
151
200
200
196
200
200
200
200
200
200
200
200
200
200
200
200
42
200
147
200
200
