200
200
200
200
200
200
200
200
200
200
200
200
200
200
200
200
200
200
106
200
200
200
200
85
200
200
53
200
200
156
200
200
105
200
132
200
147
200
200
200
200
200
171
200
200
145
200
200
140
200
200
59
200
200
200
200
200
181
200
189
200
200
200
200
200
81
166
200
200
200
200
200
200
200
200
156
200
200
179
200
199
79
200
59
133
200
128
151
155
200
130
128
177
200
200
80
200
56
103
62
200
200
200
200
92
101
200
200
141
200
142
200
112
176
200
34
200
200
200
85
64
48
200
200
143
81
72
200
187
200
170
200
98
141
105
111
54
116
95
200
200
117
190
33
55
200
196
200
177
194
