200
200
200
200
200
200
160
200
200
200
200
200
200
200
200
200
200
200
200
200
200
97
200
200
200
200
200
200
200
200
200
200
200
200
200
200
60
200
200
200
200
200
200
200
200
200
200
185
200
200
200
200
200
200
200
200
200
200
200
200
200
145
109
200
49
200
200
200
62
166
200
200
200
174
187
200
105
200
200
200
200
200
200
92
200
163
200
200
37
182
160
200
200
200
200
200
200
200
90
200
200
200
200
200
200
200
200
35
200
200
200
135
200
194
33
151
200
200
200
200
200
200
90
200
200
200
134
200
200
200
200
60
200
58
200
180
41
200
200
200
200
200
200
200
200
200
47
200
86
200
