200
200
200
200
200
200
200
200
200
200
99
200
132
200
200
200
33
35
200
156
200
200
200
36
200
84
200
121
86
125
200
200
200
79
193
200
200
200
93
200
200
91
148
168
200
51
200
61
200
200
200
200
48
200
200
200
200
200
200
172
200
200
161
128
200
200
148
61
130
200
53
120
84
200
200
200
200
96
200
200
120
81
200
114
150
187
200
200
138
121
42
180
200
200
200
200
128
188
200
136
113
200
200
158
147
200
200
200
166
103
200
200
200
200
66
200
179
200
200
46
200
112
200
128
200
200
48
200
48
84
200
200
73
200
48
149
166
49
200
200
200
200
99
111
200
200
109
200
200
200
