200
200
200
200
200
200
200
200
200
200
200
200
200
200
200
200
200
200
200
200
200
164
200
200
200
200
200
200
200
200
200
200
200
200
200
200
200
200
200
200
200
200
200
200
145
200
200
189
109
200
200
57
200
129
200
170
200
159
114
200
200
51
200
200
200
144
129
152
200
200
200
200
200
129
200
98
200
200
45
200
177
200
200
200
200
142
200
164
94
200
125
200
76
200
95
200
200
200
67
99
200
136
200
145
28
200
40
200
200
200
130
99
200
200
139
48
200
200
151
200
171
200
200
200
90
57
55
200
184
150
31
200
29
200
130
45
151
200
103
128
200
200
200
200
30
130
48
200
200
200
