200
200
200
200
200
200
200
200
200
200
200
200
200
200
200
200
200
200
200
200
200
200
103
200
200
200
200
200
200
200
200
200
200
200
200
200
200
156
200
200
200
200
200
165
200
200
200
200
200
108
176
200
200
72
200
200
184
200
200
200
151
200
200
200
200
200
200
76
200
200
200
200
200
193
200
200
200
200
200
200
200
200
200
61
200
200
200
200
137
44
200
200
136
200
200
200
200
85
200
134
200
164
200
105
200
120
200
200
200
200
187
165
200
200
200
200
131
200
200
200
145
179
200
109
181
200
158
200
200
200
200
200
200
200
128
185
200
200
132
200
54
160
56
200
200
198
85
200
200
102
