200
200
200
200
200
200
200
200
200
200
200
200
200
200
63
200
200
200
200
200
200
200
200
200
200
200
200
200
200
200
200
200
200
200
69
200
200
200
200
140
193
127
200
166
200
200
200
200
200
200
200
74
200
200
80
151
91
200
200
200
200
114
200
200
25
104
200
200
115
137
200
200
200
200
75
200
200
155
200
200
200
200
200
200
200
200
200
114
200
200
200
200
200
200
200
200
194
200
147
178
193
200
200
198
13
200
200
180
200
200
80
40
133
200
200
200
172
200
64
87
173
200
200
98
200
200
61
200
200
200
44
129
152
159
200
58
200
117
97
33
81
200
173
169
200
165
188
200
123
200
