200
200
200
200
200
200
200
200
200
200
200
200
200
200
200
200
200
200
200
200
200
200
179
200
152
80
200
200
200
200
200
200
60
200
200
200
200
200
200
200
200
200
200
200
139
200
200
200
200
200
127
200
149
200
200
200
69
200
200
200
200
200
163
200
87
200
200
132
200
200
200
200
200
71
118
200
200
200
200
200
200
200
200
200
200
116
162
200
194
200
200
200
80
200
200
200
200
200
200
158
63
39
200
200
200
200
200
200
200
200
75
200
38
200
172
76
127
200
23
200
200
172
200
200
200
40
157
200
200
200
159
200
200
200
200
200
52
200
200
200
200
200
200
82
133
30
200
47
191
78
