200
200
200
200
200
200
200
200
200
200
200
200
200
170
200
200
200
200
200
151
200
156
200
200
200
200
200
200
35
200
200
111
186
200
200
200
38
200
200
200
112
83
200
200
49
62
200
172
200
200
200
200
77
46
200
200
200
200
25
104
73
132
157
200
46
200
199
54
26
135
200
160
200
200
200
149
200
48
200
200
45
200
200
14
177
200
83
200
200
81
200
200
200
118
200
200
200
200
88
200
200
200
200
89
200
90
200
148
90
200
97
200
200
134
22
54
200
110
200
200
20
53
175
200
130
200
164
200
200
200
200
97
200
200
200
200
60
200
200
200
17
100
40
78
200
200
200
200
119
200
