200
200
200
200
200
200
200
200
200
200
200
200
200
200
200
200
200
200
200
200
200
159
200
200
200
200
134
200
200
135
158
200
200
50
200
200
130
200
200
123
187
180
200
114
200
200
95
121
200
121
100
200
111
200
200
200
200
159
112
200
13
200
200
47
200
127
27
200
60
155
88
158
200
198
200
200
111
200
200
39
52
144
200
200
200
200
123
129
200
200
193
200
194
200
106
177
200
200
126
64
196
200
172
162
152
21
129
62
188
200
109
18
42
55
200
82
200
62
200
109
200
147
176
54
113
200
200
164
171
200
200
200
71
56
200
200
200
94
200
200
200
188
147
200
112
200
44
200
200
200
