200
200
200
200
200
200
200
200
200
200
200
200
200
200
200
200
200
200
200
200
200
200
200
200
200
200
148
200
200
200
200
200
200
123
200
200
197
190
200
89
89
163
200
200
200
200
58
101
200
200
50
26
200
200
200
200
200
200
124
195
200
200
200
126
200
147
197
200
200
200
200
200
200
19
200
157
200
200
200
85
112
97
200
200
200
200
200
200
200
86
200
200
200
200
107
200
31
200
200
200
200
200
200
200
200
177
200
200
200
200
200
200
172
200
200
200
200
195
200
200
173
200
63
200
200
200
200
185
121
200
48
190
200
200
200
200
40
30
200
200
200
181
187
200
200
200
200
200
200
200
