200
200
200
200
200
160
200
200
178
130
200
200
200
44
199
200
200
200
200
200
104
200
168
136
200
200
60
200
46
200
200
200
129
200
200
116
142
63
90
119
132
200
133
96
200
65
200
200
103
200
200
179
200
116
96
200
73
200
92
200
200
200
21
200
198
59
200
200
171
169
200
38
46
200
200
87
103
116
140
173
200
132
200
200
45
84
63
53
200
200
200
39
200
181
62
103
141
109
144
80
200
200
109
200
30
78
200
183
103
116
110
28
117
200
200
200
69
171
72
160
200
200
149
200
123
71
60
85
200
111
107
29
170
200
164
122
132
82
200
200
200
65
28
181
117
144
200
200
200
200
