200
200
200
200
200
200
200
200
200
200
200
200
200
200
200
108
200
200
64
200
200
200
150
128
200
200
200
200
128
200
200
200
200
200
171
200
200
200
200
200
200
165
200
200
131
180
200
200
200
200
148
109
200
86
200
68
200
163
200
200
132
53
158
200
200
200
200
200
200
200
200
200
83
93
200
83
100
121
112
76
200
200
117
200
200
161
55
119
142
64
200
200
200
200
165
103
200
128
200
200
190
42
200
200
175
200
200
200
79
200
95
174
200
200
200
200
153
193
192
103
200
116
200
159
200
200
29
200
200
124
45
200
132
200
96
200
103
60
200
104
155
200
200
191
200
200
200
195
200
200
