200
200
200
200
200
200
200
200
200
200
200
200
200
200
200
200
200
200
200
200
200
200
200
200
200
200
200
200
108
200
200
200
200
200
200
200
200
167
200
200
200
200
200
200
200
200
200
200
200
200
200
200
200
200
200
200
200
200
200
200
200
200
109
61
172
200
200
200
200
200
200
200
200
200
200
200
200
191
200
138
159
200
200
200
200
200
200
200
200
198
200
200
71
200
169
200
200
200
200
200
200
200
200
144
170
60
200
200
88
200
165
54
71
200
149
184
200
200
200
200
200
127
200
200
49
200
200
147
152
172
200
200
200
70
200
200
200
200
200
200
200
200
146
181
71
200
200
200
200
200
