200
200
200
200
200
198
200
200
200
200
200
200
200
200
200
200
200
200
200
200
200
200
200
200
200
200
200
200
200
200
200
200
200
200
135
200
200
53
200
200
200
85
200
149
200
200
200
200
144
200
200
200
200
128
200
200
200
173
200
200
43
200
200
200
200
200
152
200
200
200
200
200
200
200
106
200
200
200
200
124
147
147
200
61
200
179
200
200
200
75
200
200
200
186
200
200
200
200
192
68
147
131
200
74
200
184
102
200
103
168
200
200
136
100
200
200
200
200
200
38
200
200
82
200
200
200
200
126
200
200
156
200
200
70
193
200
168
152
69
200
200
200
200
200
99
200
200
200
102
200
