200
200
200
200
200
200
200
200
200
200
200
200
200
200
200
200
200
200
200
200
200
200
200
200
200
200
136
200
103
200
170
200
200
59
200
200
200
200
200
200
200
200
200
112
200
200
200
143
200
187
200
200
49
200
200
200
200
200
141
76
200
200
200
176
200
200
200
200
80
200
200
200
79
200
200
200
135
129
200
200
83
136
51
200
200
200
200
119
200
200
161
134
122
166
137
200
170
47
200
200
200
200
200
200
147
200
200
200
63
200
200
76
135
101
200
200
200
146
200
200
200
200
200
200
200
200
200
200
120
115
179
130
200
200
74
200
154
200
200
200
199
200
122
200
200
200
135
93
200
76
