200
200
200
200
200
200
200
200
200
200
200
200
200
200
200
200
200
200
200
200
200
173
200
200
200
200
200
200
200
200
200
200
200
200
200
200
80
179
200
200
200
139
200
200
200
82
200
200
200
157
200
200
200
200
157
200
200
150
200
200
200
106
121
183
192
200
200
200
200
200
200
92
152
165
200
77
200
200
200
165
200
200
123
200
200
200
127
127
121
89
116
132
200
200
118
200
200
29
200
102
39
169
125
200
111
39
113
89
179
190
200
200
200
200
26
131
200
200
200
200
25
112
177
200
96
102
84
200
200
200
200
177
200
200
200
200
200
200
200
54
131
200
200
200
107
200
81
108
34
200
