-0.11369770775230836
-0.14635540394893276
-0.1712667918532428
-0.3320723563595151
-0.1299096656629518
-0.34463182924254715
-0.32247047189413214
-0.34234802608917875
-0.09112345692729919
-0.3425298058867321
-0.34152779475327505
-0.1354286158735097
-0.1463258480649785
-0.32490361004011153
-0.12532250358337316
-0.13442104912276803
-0.29945021611351236
-0.35207013411260124
-0.30996966632962586
-0.024324270269669664
-0.032657696196624404
-0.3047771641907132
-0.12358048422760252
-0.08470183002033356
-0.056897965532950366
-0.34676185290947675
-0.3312554583939822
-0.336754186157624
-0.15922754697274413
-0.3112770141890465
-0.14557917310192336
-0.27193813264591826
-0.11976444182713142
-0.055512839031544796
-0.032570806342292695
-0.24210824564717387
-0.06754608384537605
-0.17568461871798577
-0.2967690752119468
