-0.17462060689563216
-0.0638727096967744
-0.18680029778108645
0.00018333537039300437
-0.21808153423926932
-0.12574895276614184
-0.17068278536428183
-0.08635518172424138
-0.15916932410360116
0.0034980388670985234
-0.0726441404904499
-0.10513583484260937
-0.23671174124156935
-0.195206835631507
-0.1700518894654385
-0.266120290225447
-0.07760375115279058
-0.04563472927476972
-0.049879220880232
0.0
-0.1853036144846054
0.004720719119101323
-0.10579606440071557
-0.1477656418404649
-0.1164648496094401
-0.10715319059100657
-0.3123154701718908
-0.16850587228746985
-0.19175013055700618
-0.2561881798686652
0.0003751152790586562
-0.3601757797308859
-0.3196962188468761
0.0
