-0.06349803886709852
-0.024733163701818908
-0.18742074911943465
-0.12177401971133013
-0.06737385970955233
-0.09104434493716597
-0.15138101534461493
-0.08046422738030423
-0.08208402315581284
-0.09026366959632885
-0.11515150168335203
-0.19599684440938234
-0.12540228224758052
-0.1201146679407549
-0.13456638407093413
-0.06479849776108623
-0.08262225135834843
-0.027728974766386295
-0.07439038211535684
-0.1515007944532717
-0.12956766186290958
-0.17041944910499005
-0.04163246258291759
-0.1256211735685952
-0.16083534261491794
-0.18074934165935178
-0.12133290369892999
-0.23414237935977067
-0.13494905498949988
-0.16339781553128369
-0.08314936832631474
-0.11982933143701596
-0.13434482605362283
-0.126859409548995
-0.17724619162435137
-0.08142023800264447
