28.236454849498326
18.269007803790412
57.28682274247492
38.88365663322185
29.723099219620956
33.45217391304348
48.20617614269788
37.11319955406912
31.313645484949834
30.818015607580826
39.51696767001115
60.06419175027871
40.853043478260865
41.44392419175028
41.898907469342255
26.19217391304348
36.2413154960981
17.13654403567447
27.96575250836121
46.714202898550724
41.119933110367896
49.99146042363433
19.792352285395765
43.089319955406914
49.60905239687848
54.61944258639912
40.9539353400223
67.39509476031216
45.249832775919735
51.29137123745819
32.933979933110365
38.0343143812709
43.72222965440357
44.22900780379041
52.41888517279822
32.36374581939799
