40.75150501672241
51.40648829431438
55.65565217391304
96.80688963210703
46.46807134894092
104.86709030100334
99.99513935340023
110.64004459308808
102.13741360089186
112.02740245261984
104.77326644370123
48.828673355629874
53.03870680044593
99.88465997770345
46.45103678929766
48.70370122630992
87.49059085841695
106.64655518394649
91.1704347826087
21.467469342251952
25.994983277591974
85.455629877369
44.07219620958752
35.51429208472686
28.849810479375694
97.36432552954291
116.82394648829431
100.04483835005576
52.91041248606466
90.6971906354515
50.206332218506134
105.00668896321069
46.46454849498328
27.224682274247492
97.52523968784838
72.08729096989967
31.97235228539576
55.173868450390195
94.123745819398
