44.18234113712374
109.86709030100333
36.351460423634336
96.23710144927536
53.675785953177254
57.466845039018956
108.20136008918618
74.19397993311036
45.6415607580825
56.16049052396879
102.442497212932
68.2258193979933
50.53614269788183
55.213823857302124
94.44483835005573
39.84376811594203
72.20668896321071
78.17995540691193
41.42702341137124
82.42026755852844
57.598305462653286
110.45603121516164
52.78287625418061
99.91821627647715
113.9386176142698
88.68760312151616
75.5205574136009
70.0408026755853
84.46978818283166
67.38102564102564
48.84098104793757
45.06470457079152
42.55295429208472
95.64004459308808
97.87152731326644
26.74122630992196
40.45023411371237
