51.10040133779264
27.419509476031212
54.24011148272018
99.96240802675585
61.65460423634337
41.55855072463768
51.881092530657746
31.14978818283166
49.69498327759197
99.296878483835
106.52960981047937
36.41627647714604
67.18845039018952
58.4286287625418
53.8228093645485
74.27777034559644
30.629364548494983
22.588026755852844
24.126822742474918
100.0
55.398193979933104
98.96619843924191
37.56564102564103
45.2520624303233
41.20795986622073
36.71322185061315
87.57681159420291
53.26680044593088
57.19839464882943
72.34965440356746
99.70354515050167
103.33645484949834
88.76428093645485
100.0
