150
150
150
150
150
150
150
150
150
150
150
150
150
150
150
150
150
150
150
150
150
150
150
150
150
150
150
150
150
150
150
150
150
150
150
150
150
150
150
150
150
150
150
150
150
150
150
150
150
150
150
150
150
150
104
150
150
150
65
51
33
77
65
51
26
96
15
109
16
19
33
20
19
29
19
35
10
21
14
14
49
12
25
34
35
59
43
16
60
18
33
26
26
23
40
27
53
27
21
35
27
42
22
20
41
26
26
40
12
25
30
19
23
16
20
45
38
28
14
22
20
33
64
14
14
13
12
19
14
57
25
32
36
13
18
18
14
11
29
22
22
19
13
18
26
27
35
29
26
15
